
set I:= 1	2	3	4	5	6	7	8	9	10	;

set J:= 1	2	3	4	5	;

set W:= 1	2	3	;

param PI:=
1	0.051487
2	0.013103
3	0.935410
;

param F:=
1	53
2	106
3	132
4	76
5	92
;

param G:=
1	14
2	24
3	24
4	11
5	16
;

param K:=
1	142
2	325
3	289
4	965
5	509
;

param PC:=
1	118
2	600
3	555
4	375
5	477
6	341
7	656
8	245
9	199
10	690
;


param D: 1	2	3:=
1	132	187	152	
2	82	220	148	
3	102	146	193	
4	179	162	181	
5	102	184	144	
6	147	198	189	
7	197	156	183	
8	95	83	170	
9	61	173	179	
10	165	160	167	
;


param R: 1	2	3:=
1	58	51	29	
2	50	65	66	
3	55	61	58	
4	70	56	48	
5	57	57	41	
6	49	56	52	
7	60	67	59	
8	42	36	52	
9	55	35	66	
10	40	45	46	
;


param C
[*,*,1]: 1	2	3	4	5:=
1	26	3	20	11	15	
2	26	9	22	30	10	
3	5	30	2	11	9	
4	23	16	3	26	8	
5	29	12	29	27	23	
6	16	8	13	13	18	
7	12	27	30	26	4	
8	14	28	28	19	18	
9	27	17	6	19	30	
10	23	17	29	13	28	

[*,*,2]: 1	2	3	4	5:=
1	15	14	9	18	11	
2	6	7	18	21	7	
3	4	10	21	4	4	
4	12	30	30	21	12	
5	7	28	21	22	21	
6	10	26	8	2	21	
7	27	4	21	9	24	
8	30	2	28	7	24	
9	30	3	20	27	18	
10	19	13	6	18	21	

[*,*,3]: 1	2	3	4	5:=
1	16	26	18	24	13	
2	12	6	17	27	9	
3	27	8	28	14	7	
4	28	20	25	12	15	
5	9	7	2	10	6	
6	22	13	19	17	4	
7	10	23	22	4	10	
8	30	20	8	30	7	
9	20	27	22	20	4	
10	25	29	12	7	16	
;

end;

