
set I:= 1	2	3	4	5	6	7	8	9	10	11	12	13	14	15	16	17	18	19	20	21	22	23	24	25	26	27	28	29	30	31	32	33	34	35	36	37	38	39	40	41	42	43	44	45	46	47	48	49	50	51	52	53	54	55	56	57	58	59	60	61	62	63	64	65	66	67	68	69	70	71	72	73	74	75	76	77	78	79	80	81	82	83	84	85	86	87	88	89	90	91	92	93	94	95	96	97	98	99	100	;

set J:= 1	2	3	4	5	6	7	8	9	10	11	12	13	14	15	16	17	18	19	20	;

set W:= 1	2	3	4	5	6	7	8	9	10	;

param PI:=
1	0.021548
2	0.010864
3	0.012672
4	0.059841
5	0.083644
6	0.033000
7	0.047100
8	0.047062
9	0.093362
10	0.590907
;

param F:=
1	141
2	80
3	104
4	60
5	79
6	76
7	147
8	99
9	53
10	122
11	115
12	90
13	104
14	85
15	130
16	71
17	65
18	135
19	69
20	71
;

param G:=
1	12
2	22
3	7
4	16
5	14
6	13
7	16
8	19
9	24
10	15
11	22
12	24
13	15
14	9
15	6
16	13
17	25
18	10
19	15
20	22
;

param K:=
1	549
2	925
3	257
4	587
5	1000
6	801
7	753
8	697
9	486
10	235
11	654
12	587
13	234
14	484
15	444
16	522
17	516
18	827
19	696
20	775
;

param PC:=
1	245
2	155
3	428
4	676
5	144
6	590
7	302
8	653
9	142
10	674
11	373
12	331
13	500
14	352
15	228
16	584
17	254
18	770
19	459
20	383
21	662
22	606
23	392
24	469
25	132
26	720
27	110
28	243
29	556
30	766
31	173
32	624
33	299
34	783
35	673
36	669
37	290
38	678
39	119
40	560
41	435
42	343
43	172
44	423
45	361
46	584
47	431
48	634
49	268
50	509
51	486
52	719
53	612
54	680
55	400
56	533
57	525
58	766
59	176
60	260
61	400
62	763
63	274
64	698
65	319
66	376
67	506
68	799
69	676
70	762
71	166
72	401
73	252
74	682
75	762
76	526
77	161
78	697
79	334
80	512
81	430
82	463
83	600
84	684
85	290
86	340
87	479
88	245
89	455
90	797
91	625
92	501
93	476
94	266
95	519
96	605
97	689
98	132
99	525
100	198
;


param D: 1	2	3	4	5	6	7	8	9	10:=
1	130	133	103	190	183	149	180	126	136	146	
2	146	131	191	178	146	192	152	160	174	177	
3	66	169	115	158	114	140	131	141	112	195	
4	109	136	108	170	179	219	111	218	195	204	
5	97	154	139	139	147	188	129	123	169	203	
6	119	187	132	106	183	181	146	148	130	161	
7	123	154	120	200	197	99	171	163	197	89	
8	157	231	166	236	96	148	119	150	184	133	
9	121	215	130	178	100	169	175	111	191	108	
10	126	155	229	97	201	205	117	196	176	91	
11	97	120	196	181	110	148	205	124	173	130	
12	70	147	181	146	154	157	184	138	154	224	
13	139	147	135	164	164	157	154	201	205	168	
14	191	131	205	162	129	176	126	148	111	127	
15	150	146	138	112	169	131	176	140	64	121	
16	197	148	155	150	142	149	178	148	82	105	
17	108	178	154	154	143	125	144	167	97	176	
18	131	191	191	190	124	225	202	205	149	160	
19	176	153	146	97	148	132	166	169	239	168	
20	106	208	144	176	197	43	113	153	122	119	
21	155	161	219	125	180	150	121	115	122	151	
22	117	158	102	124	144	109	172	219	125	135	
23	150	171	156	184	160	151	125	136	148	103	
24	116	199	146	150	145	162	136	205	146	138	
25	185	177	126	114	110	116	188	154	103	156	
26	192	98	211	196	159	134	137	105	158	154	
27	137	160	144	202	126	147	177	101	126	141	
28	135	146	151	152	156	166	91	127	184	79	
29	205	159	197	182	123	136	111	169	157	123	
30	196	193	145	162	207	103	195	145	94	189	
31	126	166	161	117	118	158	124	159	177	131	
32	124	252	202	130	136	172	195	159	176	137	
33	132	197	158	206	149	183	70	145	111	135	
34	122	130	160	164	177	196	165	125	186	169	
35	140	150	168	171	175	162	116	171	163	133	
36	155	133	120	168	145	99	168	162	188	169	
37	143	139	126	157	166	173	139	51	114	159	
38	206	164	152	159	168	104	129	143	162	129	
39	171	130	156	172	128	112	111	92	147	128	
40	110	129	133	183	169	94	171	154	164	206	
41	132	143	167	186	99	32	174	177	171	126	
42	128	89	77	115	148	142	118	145	87	222	
43	117	158	166	193	165	104	177	161	138	201	
44	129	169	223	176	222	107	90	203	88	187	
45	154	108	171	172	115	145	161	178	187	134	
46	173	104	199	146	167	169	156	249	116	171	
47	80	136	192	96	99	116	162	152	207	133	
48	162	214	142	204	161	149	112	146	209	145	
49	81	137	226	143	164	159	131	163	131	126	
50	177	147	108	194	110	168	174	219	162	162	
51	147	121	32	181	116	156	85	181	145	175	
52	199	162	159	112	154	167	190	165	163	90	
53	98	116	115	172	205	159	167	181	119	159	
54	193	114	181	173	58	179	87	97	186	114	
55	120	182	178	143	155	201	178	160	168	172	
56	153	132	178	124	139	96	184	149	174	168	
57	175	87	221	173	178	183	169	111	134	99	
58	102	112	136	140	146	177	136	205	131	158	
59	187	117	126	151	147	172	167	158	137	120	
60	165	99	172	154	163	168	109	178	168	182	
61	140	147	207	136	152	168	145	136	160	136	
62	71	140	123	103	220	144	200	184	133	109	
63	141	182	138	166	222	161	163	116	207	154	
64	177	177	133	224	177	152	112	190	126	177	
65	165	156	165	145	118	83	211	167	140	192	
66	138	171	207	153	107	172	189	155	117	163	
67	130	132	160	99	143	199	126	130	122	157	
68	104	181	149	162	117	155	148	160	192	122	
69	137	186	233	144	140	170	175	127	167	167	
70	141	101	168	157	149	173	110	222	174	188	
71	127	151	179	130	116	130	106	114	227	183	
72	131	69	142	207	145	150	189	148	166	122	
73	75	142	167	138	204	176	105	107	96	94	
74	172	174	163	136	171	150	158	97	169	109	
75	183	154	137	187	130	152	200	109	92	115	
76	105	164	155	122	142	229	121	176	116	78	
77	153	182	162	152	129	94	168	140	127	205	
78	176	176	125	187	151	148	139	157	93	195	
79	101	87	116	186	156	166	139	110	112	174	
80	187	243	181	183	165	142	165	153	89	152	
81	129	152	181	153	65	176	155	202	167	154	
82	153	172	156	165	123	184	67	149	111	91	
83	190	166	124	106	92	158	151	150	169	201	
84	138	213	161	184	157	137	160	136	123	185	
85	161	141	184	91	140	169	190	189	128	147	
86	140	152	177	116	114	171	172	145	135	83	
87	90	92	205	127	181	160	140	78	163	163	
88	141	161	132	160	132	193	164	108	158	139	
89	144	155	109	150	160	188	175	165	182	114	
90	136	139	126	116	104	174	109	152	186	181	
91	182	121	188	196	246	147	123	135	66	133	
92	130	167	144	170	111	128	176	160	103	168	
93	140	173	113	170	215	149	152	128	145	171	
94	159	72	74	116	101	148	109	142	165	161	
95	76	160	136	85	125	140	112	128	131	183	
96	198	146	112	172	123	174	206	172	149	156	
97	119	139	195	99	131	169	218	97	185	166	
98	169	183	160	85	164	69	163	154	148	131	
99	154	129	197	199	184	119	148	172	128	182	
100	102	175	139	165	199	157	208	119	145	182	
;


param R: 1	2	3	4	5	6	7	8	9	10:=
1	57	46	57	50	45	34	31	49	64	52	
2	52	47	46	64	52	61	46	47	59	53	
3	40	33	45	44	69	52	40	62	85	48	
4	49	33	67	37	43	51	59	40	58	50	
5	57	57	52	53	70	51	43	39	48	56	
6	30	60	40	57	46	55	52	49	55	52	
7	44	44	49	57	58	40	56	55	53	53	
8	59	43	53	43	52	48	31	55	23	53	
9	32	67	41	59	45	34	54	44	50	26	
10	51	61	41	32	69	51	46	68	42	41	
11	64	30	56	59	48	54	30	54	41	48	
12	66	46	58	54	52	46	61	47	57	55	
13	64	48	48	57	47	47	62	53	53	56	
14	53	52	55	66	60	61	69	54	67	46	
15	50	57	61	33	42	63	68	55	43	38	
16	61	68	55	45	50	38	35	70	52	50	
17	36	61	38	72	43	59	68	42	63	50	
18	67	33	50	56	37	66	35	58	28	51	
19	45	43	39	46	50	45	55	46	54	66	
20	59	46	48	53	54	70	33	44	52	51	
21	34	47	46	64	42	59	44	45	35	51	
22	46	44	58	57	23	49	70	61	52	38	
23	51	46	52	53	65	55	51	61	66	51	
24	44	57	40	43	51	40	60	58	47	59	
25	43	47	41	50	57	26	55	61	42	52	
26	64	66	44	52	48	47	53	57	51	47	
27	55	65	62	44	48	51	58	42	50	54	
28	42	32	61	53	68	57	70	66	53	53	
29	40	48	35	43	39	45	31	47	70	55	
30	51	64	58	46	62	42	49	48	54	25	
31	44	54	45	34	65	66	40	39	42	40	
32	58	44	46	57	39	53	36	57	53	42	
33	48	51	53	40	58	51	58	60	51	42	
34	52	46	31	49	52	50	64	60	61	58	
35	48	43	33	56	71	56	36	45	52	50	
36	50	54	49	75	35	52	60	37	35	59	
37	57	47	55	49	65	50	53	63	46	48	
38	54	58	62	62	60	63	48	47	61	55	
39	57	54	32	64	44	52	56	65	45	58	
40	44	43	64	44	39	37	45	47	44	55	
41	58	53	55	44	50	44	56	50	44	52	
42	66	51	43	60	46	59	90	50	46	57	
43	45	45	43	53	49	45	48	45	46	63	
44	55	52	51	25	64	51	51	56	70	60	
45	80	37	40	56	60	44	76	57	51	32	
46	36	57	59	55	40	59	39	34	39	46	
47	37	50	50	56	43	50	35	41	50	53	
48	64	59	52	51	48	53	45	40	55	62	
49	74	43	48	37	54	63	24	52	35	35	
50	62	55	44	43	60	45	51	55	64	57	
51	65	58	56	40	40	40	48	61	49	50	
52	59	51	63	65	71	60	44	46	57	40	
53	52	38	36	59	69	64	45	29	54	58	
54	59	44	46	40	52	63	39	56	57	61	
55	41	56	46	40	54	59	38	51	50	45	
56	48	51	44	60	56	61	51	46	33	55	
57	39	44	49	34	51	44	61	54	28	39	
58	62	31	39	41	42	46	48	40	52	50	
59	55	51	36	52	38	32	63	63	46	35	
60	66	44	57	45	54	75	42	62	47	52	
61	74	61	48	58	60	41	32	58	73	42	
62	64	52	53	73	50	57	62	56	67	66	
63	46	31	58	50	69	48	54	43	52	48	
64	37	52	53	47	65	50	48	57	55	67	
65	33	37	47	51	44	52	38	48	67	50	
66	62	43	53	54	63	41	46	40	53	55	
67	52	35	53	53	37	62	53	59	59	60	
68	44	46	41	38	50	66	27	67	44	52	
69	52	42	55	28	56	40	29	54	47	67	
70	54	38	50	49	51	49	57	54	56	56	
71	54	42	54	44	59	60	41	37	53	43	
72	44	42	49	43	62	51	49	49	31	53	
73	55	39	52	51	51	44	29	41	59	48	
74	55	58	50	56	33	54	67	66	42	56	
75	48	52	37	43	42	44	34	42	73	52	
76	63	59	53	53	51	61	54	61	51	66	
77	61	75	54	62	54	43	60	59	48	69	
78	57	29	52	55	48	57	47	33	31	49	
79	44	46	51	57	60	52	62	32	58	36	
80	70	50	60	55	53	57	49	39	50	50	
81	52	49	35	39	37	55	41	53	37	52	
82	47	51	51	33	41	41	32	49	35	47	
83	41	50	56	26	40	42	40	49	47	38	
84	44	36	48	44	59	47	51	63	42	45	
85	40	50	37	57	54	66	54	45	43	45	
86	52	59	38	60	45	45	52	44	48	31	
87	53	63	60	67	50	63	44	58	43	48	
88	51	53	59	57	48	45	61	28	28	61	
89	46	61	55	57	52	42	58	52	71	60	
90	54	50	54	49	59	54	50	32	52	43	
91	47	64	58	53	58	47	43	38	67	49	
92	70	76	65	47	36	61	59	58	43	56	
93	36	56	36	49	38	47	58	48	52	28	
94	65	59	52	48	55	33	51	63	47	31	
95	47	54	26	50	66	49	46	61	41	46	
96	51	50	47	32	41	51	37	54	45	57	
97	60	43	45	38	40	58	46	55	53	50	
98	37	57	49	33	43	41	34	64	55	58	
99	57	51	40	49	44	43	32	41	40	49	
100	80	42	44	67	46	36	34	63	42	40	
;


param C
[*,*,1]: 1	2	3	4	5	6	7	8	9	10	11	12	13	14	15	16	17	18	19	20:=
1	27	23	15	30	4	15	19	9	25	13	7	29	25	28	30	24	14	27	2	7	
2	12	10	10	2	9	4	17	9	17	8	10	22	10	29	24	29	7	17	11	8	
3	21	17	14	27	18	6	26	7	26	13	30	13	19	18	3	24	9	29	11	29	
4	21	9	25	9	17	4	13	3	11	23	17	11	21	17	5	22	4	8	9	10	
5	21	23	9	7	30	9	8	5	17	22	17	23	19	8	9	4	8	16	4	21	
6	7	3	24	30	13	25	2	11	9	3	16	6	13	3	14	14	29	5	30	18	
7	11	4	23	13	13	6	10	3	14	4	11	21	22	25	30	25	4	28	30	29	
8	15	2	20	28	28	11	10	28	11	12	3	19	4	2	12	14	17	14	11	27	
9	21	11	8	2	25	7	16	20	25	8	15	21	27	27	3	19	30	30	22	29	
10	3	13	4	14	25	13	20	11	21	21	12	15	28	14	20	15	25	28	11	2	
11	4	24	21	15	5	28	29	30	10	29	2	12	6	10	14	19	30	18	11	30	
12	8	22	18	28	8	16	8	27	9	6	21	23	3	24	18	9	10	25	15	16	
13	7	18	30	27	16	13	21	10	17	20	6	9	19	8	2	9	28	29	13	24	
14	4	10	30	11	8	4	11	24	7	30	25	19	28	30	11	17	11	4	2	25	
15	27	23	4	11	25	21	23	13	13	30	7	25	7	7	8	23	3	28	13	6	
16	26	12	27	7	20	22	8	21	25	10	30	21	12	18	4	16	20	9	9	14	
17	16	4	15	12	17	11	14	11	2	14	2	29	14	22	10	8	18	25	22	19	
18	20	27	11	28	2	6	4	28	21	12	22	17	2	22	29	16	10	8	29	17	
19	21	11	18	22	16	27	4	16	30	2	22	10	17	27	2	17	28	21	7	11	
20	4	21	9	4	3	27	4	4	25	4	19	27	19	3	24	11	5	10	20	10	
21	19	15	15	2	25	19	2	9	6	21	26	18	8	8	14	12	13	2	28	27	
22	23	2	10	22	18	20	14	21	18	5	17	23	18	10	21	22	30	22	4	11	
23	28	18	25	19	6	3	7	9	15	4	26	11	28	7	14	16	30	29	15	18	
24	4	24	5	3	26	6	20	26	16	19	7	6	10	22	17	25	13	14	26	5	
25	16	16	17	9	16	8	6	5	26	21	28	13	22	26	7	8	23	8	12	28	
26	19	26	26	15	6	29	28	17	13	9	18	29	27	9	8	25	29	15	28	30	
27	29	10	17	18	27	3	24	22	5	30	13	13	24	6	28	3	4	8	11	10	
28	25	20	5	27	7	12	10	29	22	6	13	18	18	17	13	2	21	22	7	14	
29	14	12	9	9	2	5	8	8	30	14	27	14	13	22	30	2	6	3	18	20	
30	25	12	3	25	2	18	10	6	9	14	22	20	10	24	28	17	4	7	2	28	
31	6	16	30	9	8	13	20	10	30	26	5	20	28	16	11	14	3	14	28	10	
32	4	30	30	2	28	8	28	14	22	7	3	14	15	2	24	9	29	15	21	4	
33	10	25	11	23	2	8	8	29	17	21	17	29	30	24	29	22	19	18	27	17	
34	14	19	6	28	9	15	25	17	14	16	14	2	11	4	5	2	19	4	5	25	
35	15	21	18	23	14	5	20	4	13	11	15	22	29	30	19	3	5	25	6	4	
36	13	27	27	4	24	8	26	30	24	29	25	12	20	14	25	8	17	22	15	9	
37	22	17	18	29	26	11	26	18	12	26	29	5	29	9	3	25	19	23	12	23	
38	11	20	7	14	15	12	28	17	27	8	7	24	23	10	3	16	6	27	24	21	
39	4	26	12	21	25	30	27	29	27	4	25	13	4	13	27	12	4	26	2	27	
40	23	4	21	12	16	13	18	10	8	26	16	11	26	4	30	24	23	5	3	11	
41	20	25	15	15	2	23	27	2	11	18	17	20	2	7	10	9	27	9	23	17	
42	28	4	12	5	22	4	4	14	7	14	27	22	29	16	30	16	22	11	12	10	
43	26	17	5	10	11	18	19	12	13	17	15	21	17	3	3	2	23	6	24	29	
44	12	11	30	8	17	3	7	29	17	29	23	16	22	15	11	4	18	2	10	20	
45	4	10	22	4	12	17	3	5	2	16	15	21	16	14	15	7	7	15	3	4	
46	30	5	21	8	7	14	28	16	19	4	25	7	11	23	13	3	26	29	25	21	
47	11	21	8	8	18	15	21	6	11	2	24	2	14	29	8	18	26	2	18	11	
48	16	2	13	27	22	17	11	3	21	27	4	26	28	16	12	25	5	8	9	10	
49	15	8	15	11	26	26	25	28	19	12	11	14	23	19	4	12	17	18	23	6	
50	30	15	30	27	30	21	3	10	9	30	12	13	5	3	22	13	8	8	18	29	
51	5	13	7	11	21	21	25	6	9	22	12	2	26	5	11	30	28	8	6	25	
52	5	24	2	22	23	28	26	12	7	14	2	24	8	21	15	5	12	6	30	15	
53	10	8	6	3	22	3	28	28	19	13	18	13	13	20	12	24	22	5	9	4	
54	27	14	14	13	8	7	17	5	24	17	24	10	12	30	19	17	3	4	23	13	
55	21	4	4	18	24	13	23	26	15	6	15	22	11	25	8	19	27	6	8	19	
56	22	28	30	12	9	24	9	20	20	20	2	10	6	28	3	20	29	10	10	27	
57	10	5	10	27	6	29	28	21	12	16	22	27	28	3	12	14	29	11	2	8	
58	15	5	5	12	28	13	26	28	13	25	13	21	20	4	25	7	6	21	2	9	
59	6	23	18	18	28	20	23	27	19	22	3	11	15	15	22	11	24	4	29	3	
60	13	14	10	27	22	25	26	22	10	2	18	10	10	12	19	19	26	26	7	30	
61	12	7	29	4	17	16	12	16	25	28	2	8	24	12	27	20	2	21	20	27	
62	9	6	18	17	6	13	10	26	11	13	29	5	30	11	14	11	19	9	6	2	
63	25	27	27	29	30	18	11	4	17	20	3	19	5	10	12	21	5	19	20	4	
64	25	3	22	22	30	30	25	11	3	2	29	8	25	29	18	8	15	6	27	17	
65	25	27	15	13	21	6	19	9	30	19	19	7	6	17	10	6	11	13	8	7	
66	22	13	21	19	19	13	12	29	23	25	16	22	11	25	23	13	4	19	22	21	
67	18	16	23	24	26	28	13	28	3	20	9	3	12	15	16	27	28	7	28	4	
68	7	20	13	18	10	9	15	8	17	27	16	13	16	21	18	13	24	14	2	29	
69	30	10	16	18	29	30	27	14	11	11	23	29	30	14	21	29	28	17	19	10	
70	20	8	19	21	14	4	13	11	24	22	4	20	14	16	26	22	6	12	2	6	
71	26	25	16	7	25	12	23	26	20	7	20	2	21	25	24	9	24	14	8	16	
72	15	2	17	5	14	20	23	12	3	5	21	20	3	13	23	23	23	8	6	23	
73	16	11	9	15	12	20	16	2	15	29	30	13	15	6	15	28	2	15	30	5	
74	10	8	3	13	10	4	4	10	11	15	6	14	2	27	22	24	28	27	22	29	
75	24	2	7	21	4	16	25	8	27	18	29	12	15	10	5	11	25	30	8	11	
76	14	3	21	23	11	23	2	7	23	24	14	7	15	6	27	12	6	6	7	26	
77	16	9	8	3	8	14	12	22	20	9	13	10	13	21	15	25	2	25	8	29	
78	3	27	8	14	18	25	4	9	9	22	3	23	20	22	11	11	6	17	27	21	
79	22	28	11	12	24	22	22	7	12	26	6	27	22	6	27	4	11	16	30	5	
80	28	6	27	21	2	4	26	12	2	22	16	10	25	3	8	10	15	2	29	13	
81	28	23	4	4	17	7	22	13	25	18	19	20	21	23	20	13	7	24	6	9	
82	27	26	19	16	4	11	12	29	26	5	3	9	28	24	22	17	26	6	2	11	
83	23	17	8	16	26	26	18	27	23	26	17	23	11	24	3	4	18	8	13	12	
84	11	8	5	6	21	11	19	3	10	2	27	2	25	18	15	23	20	14	25	5	
85	20	5	4	13	28	16	9	20	28	9	2	20	14	20	17	6	29	19	25	5	
86	8	7	21	29	21	9	27	15	7	17	30	9	26	15	17	7	15	22	5	16	
87	14	23	22	3	16	16	17	7	19	22	28	14	5	6	30	18	11	29	18	7	
88	23	14	2	7	27	27	12	8	17	12	16	20	30	23	26	7	10	20	5	4	
89	24	5	25	23	23	26	19	23	12	5	10	10	5	5	23	29	13	15	9	21	
90	8	17	2	12	20	6	22	11	3	3	4	8	24	7	18	6	18	30	23	15	
91	11	9	24	25	9	2	7	9	3	24	22	25	5	29	16	4	7	13	19	18	
92	26	3	14	14	18	5	21	12	5	6	6	15	23	24	30	4	9	25	16	3	
93	19	21	24	15	6	29	24	22	16	9	20	24	2	18	25	29	22	16	21	6	
94	9	8	26	19	17	3	18	18	28	5	14	3	21	10	17	24	30	7	21	13	
95	17	5	8	6	2	10	13	11	29	21	4	6	23	5	8	26	19	10	6	3	
96	11	13	9	16	23	17	5	30	6	26	3	14	26	11	2	4	3	13	26	24	
97	3	15	11	5	20	13	14	2	17	4	20	2	13	29	27	9	16	22	28	27	
98	5	22	14	8	18	8	4	30	6	22	2	8	27	30	20	25	8	21	4	17	
99	19	17	9	6	6	21	28	22	4	26	4	24	30	16	25	13	13	6	13	16	
100	7	19	13	8	29	19	22	2	21	13	16	26	5	17	17	30	11	16	2	7	

[*,*,2]: 1	2	3	4	5	6	7	8	9	10	11	12	13	14	15	16	17	18	19	20:=
1	9	27	11	27	19	14	13	22	29	8	15	23	5	28	6	21	18	12	11	6	
2	13	28	8	13	29	8	20	9	4	19	25	7	3	14	12	15	18	7	12	29	
3	29	28	25	2	10	30	6	8	20	9	23	11	14	20	27	27	7	21	29	2	
4	26	24	25	24	6	30	27	29	5	17	21	27	28	10	9	2	4	12	10	13	
5	21	20	28	19	19	20	28	7	4	15	26	6	24	20	30	22	14	3	28	13	
6	25	23	28	7	5	14	18	19	15	26	5	23	24	12	26	28	3	24	24	23	
7	15	3	21	6	22	14	11	14	5	10	24	25	7	3	24	14	28	19	7	29	
8	23	2	30	13	16	25	10	30	25	8	18	15	6	29	9	10	24	14	24	5	
9	14	28	13	30	22	17	14	10	12	10	13	6	26	16	5	11	4	9	8	21	
10	29	16	14	2	2	21	8	15	5	18	10	15	2	18	16	27	28	9	20	6	
11	29	13	29	3	15	25	2	5	10	4	18	24	19	3	5	15	5	4	11	30	
12	24	9	9	8	5	28	30	16	21	24	16	14	9	14	15	2	25	23	2	30	
13	24	10	21	22	24	7	3	5	6	16	7	12	25	12	25	21	30	24	7	29	
14	22	22	2	3	27	28	3	23	16	22	10	25	8	14	27	3	7	21	9	3	
15	23	25	28	5	21	29	28	6	21	24	23	27	17	14	7	11	26	28	5	22	
16	3	18	30	3	7	7	19	18	4	18	17	4	24	22	9	28	7	18	24	14	
17	14	15	5	7	28	22	8	2	18	16	26	26	13	4	8	29	17	12	23	9	
18	20	14	25	22	30	18	19	11	24	18	18	7	26	12	8	12	10	7	26	24	
19	10	17	12	14	11	15	12	29	25	6	9	8	21	19	24	21	11	16	16	12	
20	29	22	16	7	9	26	13	25	5	14	23	24	21	7	8	12	8	13	10	18	
21	6	19	22	17	24	17	17	12	9	2	14	19	29	25	7	24	21	17	2	9	
22	8	13	14	14	14	2	19	8	25	3	21	13	22	3	26	19	28	3	6	15	
23	11	11	5	28	4	23	8	26	3	30	9	13	23	20	25	28	25	15	17	12	
24	24	14	3	24	16	3	21	8	11	2	17	26	6	8	5	25	20	21	23	8	
25	25	9	2	14	23	5	21	22	18	28	28	8	29	17	13	27	5	3	19	26	
26	28	7	12	9	27	2	22	26	8	28	23	30	15	28	21	21	5	20	4	15	
27	8	4	10	9	26	3	16	25	4	8	22	28	14	27	7	25	30	19	21	4	
28	10	26	21	5	28	3	14	7	18	3	30	26	28	17	17	18	17	22	18	26	
29	12	26	26	30	12	25	3	15	30	26	25	23	30	12	27	10	6	4	10	11	
30	21	20	21	2	20	26	30	8	17	28	29	30	28	25	27	12	12	22	9	2	
31	6	18	15	14	12	8	16	24	27	14	25	28	3	23	23	9	17	15	9	17	
32	15	29	27	28	28	27	23	5	22	24	12	5	20	5	24	19	20	26	5	5	
33	11	13	22	26	12	4	19	4	29	28	30	17	4	22	22	23	12	6	21	12	
34	21	6	26	26	24	15	20	20	13	13	2	20	26	15	24	26	19	17	11	13	
35	8	10	24	30	17	11	29	3	20	12	9	14	12	11	8	27	19	25	24	19	
36	12	12	18	16	21	15	27	15	17	10	2	11	17	14	15	27	16	20	6	10	
37	24	23	27	7	27	20	18	23	10	21	20	20	7	13	23	2	20	8	27	25	
38	20	7	22	16	22	28	23	7	16	13	4	5	6	5	8	29	11	28	20	7	
39	21	9	27	2	8	7	8	28	3	2	19	6	14	24	11	16	10	2	16	2	
40	13	24	13	27	14	19	18	17	3	26	5	20	12	14	10	12	7	12	29	9	
41	15	27	21	27	9	24	12	14	9	2	4	21	12	28	28	2	6	13	24	22	
42	27	5	27	30	15	11	2	14	20	10	10	26	23	30	18	28	12	18	23	7	
43	5	16	8	16	11	4	2	4	18	10	6	2	5	3	7	14	9	17	14	15	
44	14	26	5	8	16	3	10	18	16	2	19	18	13	27	14	16	10	8	4	10	
45	25	18	10	20	4	4	27	25	14	17	4	7	2	15	23	18	30	27	10	12	
46	26	20	28	6	17	14	6	30	7	8	30	29	17	2	25	6	17	9	15	17	
47	16	12	8	29	9	13	4	12	10	6	4	9	9	23	17	6	18	20	29	6	
48	29	8	20	16	25	28	5	18	4	4	16	2	19	9	14	3	30	11	24	20	
49	30	20	22	29	5	21	6	29	23	7	3	14	13	20	4	30	9	2	29	24	
50	21	6	16	2	24	2	28	26	16	5	25	23	4	17	15	18	3	21	5	21	
51	22	8	4	28	4	28	26	9	13	3	12	13	9	13	11	26	17	14	21	13	
52	6	30	12	5	8	28	15	7	2	18	6	12	27	12	21	18	22	6	14	3	
53	8	10	29	13	8	16	21	18	30	20	21	2	16	16	21	30	24	7	25	23	
54	15	12	19	23	25	19	28	4	27	10	4	17	17	25	27	3	6	20	2	22	
55	14	28	5	11	15	16	21	21	9	24	16	7	18	16	7	15	20	25	2	15	
56	20	20	9	23	24	7	7	26	18	8	9	30	29	22	27	16	18	28	26	23	
57	20	6	13	23	27	2	10	8	27	16	25	20	29	15	22	25	8	5	26	29	
58	25	21	27	3	29	23	4	20	30	7	25	9	16	26	10	9	24	14	6	22	
59	22	26	26	9	2	10	30	28	24	27	5	29	17	30	20	13	10	7	6	12	
60	26	26	18	4	15	12	2	10	7	30	2	3	28	2	13	19	13	27	4	9	
61	26	5	9	17	5	12	12	6	23	24	26	5	14	26	5	4	25	4	23	9	
62	16	20	18	22	22	30	12	14	4	15	28	11	4	17	13	21	2	11	18	20	
63	3	23	16	24	25	11	11	3	7	5	19	4	28	7	15	30	16	8	21	10	
64	17	8	4	24	16	30	18	25	28	22	7	16	7	12	28	18	14	11	15	19	
65	19	2	27	25	26	6	4	30	9	27	17	20	29	14	27	10	27	13	11	29	
66	7	9	9	4	12	11	18	9	19	24	9	28	19	25	11	30	12	20	11	15	
67	23	11	22	6	12	5	22	10	18	13	17	29	10	22	22	19	20	26	30	18	
68	26	14	15	2	8	8	5	23	11	4	24	28	25	17	3	16	3	23	28	2	
69	13	2	25	10	10	20	23	2	14	7	14	6	5	24	3	11	14	18	25	21	
70	11	13	5	5	17	21	25	11	21	4	6	19	12	5	17	8	17	17	13	14	
71	28	5	12	22	24	11	6	15	26	27	5	29	2	20	14	2	16	27	2	19	
72	28	28	27	28	6	17	27	14	30	21	12	21	26	18	4	10	5	10	3	9	
73	19	12	22	2	18	26	5	17	3	27	10	22	24	13	30	23	22	8	18	2	
74	9	25	3	10	4	15	20	20	16	11	15	25	3	21	29	26	12	30	19	25	
75	19	16	30	5	6	10	4	22	8	29	9	17	26	22	26	4	30	13	17	12	
76	18	28	10	11	29	12	14	27	16	4	19	6	12	6	3	19	15	12	14	16	
77	12	11	16	8	9	8	8	22	29	28	9	11	14	14	7	8	17	15	19	20	
78	25	10	6	12	24	10	5	21	14	5	25	18	10	18	30	2	17	6	19	13	
79	30	17	16	17	15	25	18	26	6	29	14	6	10	22	9	14	4	29	12	18	
80	13	5	22	18	13	28	15	7	18	23	4	11	27	14	17	23	21	25	3	4	
81	30	11	11	14	17	29	29	17	23	10	27	9	26	15	5	7	19	6	4	3	
82	19	11	11	21	11	24	11	30	18	27	20	24	26	22	6	10	11	6	9	25	
83	28	11	21	4	15	22	7	28	23	21	9	25	18	4	10	3	4	23	4	24	
84	4	13	22	8	28	6	16	16	9	13	5	29	22	27	16	27	8	30	25	28	
85	8	18	11	23	26	17	25	16	12	22	23	12	7	23	3	20	24	5	27	30	
86	12	27	22	11	15	25	13	3	10	13	27	16	14	19	19	11	6	30	25	11	
87	17	17	8	15	12	11	8	13	8	14	13	17	24	27	7	18	11	16	6	24	
88	9	23	14	19	20	29	10	24	2	25	22	9	28	19	5	4	19	26	22	12	
89	9	29	28	13	8	2	12	28	15	16	27	10	4	27	6	16	7	9	26	10	
90	10	26	19	4	18	14	6	27	7	26	5	16	5	4	15	26	27	29	6	2	
91	12	29	20	3	2	13	11	18	13	19	23	15	8	13	8	10	21	26	5	27	
92	28	19	21	11	11	26	21	9	10	29	29	12	8	17	11	6	20	11	6	30	
93	10	4	10	11	5	23	9	6	7	3	20	26	18	8	17	26	3	11	29	6	
94	8	18	22	13	22	5	6	26	12	20	21	29	16	10	23	6	4	22	26	30	
95	28	28	11	12	13	23	27	30	27	20	10	12	2	19	19	22	11	26	5	23	
96	17	29	16	12	28	23	29	29	18	8	16	8	20	22	26	10	7	12	23	18	
97	26	12	12	28	22	16	29	10	20	15	24	6	14	10	5	9	28	17	16	17	
98	12	11	20	6	9	25	15	15	28	7	30	8	21	10	13	28	9	17	26	20	
99	2	24	27	26	12	17	11	23	12	16	28	28	14	7	10	13	18	9	21	7	
100	3	18	28	11	18	10	30	21	22	18	9	12	17	24	6	10	28	18	10	15	

[*,*,3]: 1	2	3	4	5	6	7	8	9	10	11	12	13	14	15	16	17	18	19	20:=
1	25	5	9	17	14	13	12	10	28	15	7	24	18	18	2	17	2	22	13	4	
2	13	3	26	25	30	12	2	12	13	14	8	29	11	11	3	24	14	29	18	28	
3	16	29	29	22	28	18	13	25	3	14	28	3	24	26	6	19	29	11	5	9	
4	5	30	23	20	25	2	23	2	20	21	30	23	23	22	12	26	25	15	10	8	
5	7	24	10	27	21	18	16	5	2	11	28	23	8	24	19	2	2	30	5	7	
6	15	11	18	9	20	8	4	16	24	21	14	7	11	23	26	22	23	25	11	15	
7	29	29	18	22	5	3	8	24	24	21	29	9	4	16	6	23	5	29	7	21	
8	26	29	3	15	27	30	22	3	16	14	18	13	30	9	22	5	26	12	16	26	
9	21	11	22	2	23	18	4	17	14	29	2	6	10	7	15	19	2	26	16	11	
10	15	8	24	25	18	24	25	24	28	27	4	24	22	6	18	22	23	7	3	13	
11	7	12	24	6	9	18	21	28	6	9	9	24	22	5	2	12	9	2	4	6	
12	7	26	14	16	24	12	10	12	6	30	22	3	5	14	26	3	20	12	26	10	
13	4	22	28	18	12	9	18	9	18	20	13	25	17	12	19	19	18	6	17	10	
14	19	12	4	13	19	18	30	20	14	5	7	14	19	29	10	29	20	21	25	19	
15	24	19	19	30	29	11	26	24	21	22	24	4	22	28	6	25	14	5	27	9	
16	8	6	2	26	26	12	20	2	10	3	18	14	29	23	27	2	20	25	7	4	
17	14	16	6	5	10	14	8	23	25	3	6	17	4	17	3	6	7	25	14	18	
18	22	9	7	16	6	16	15	11	25	24	8	26	6	8	25	5	10	28	17	21	
19	12	7	11	12	17	11	5	4	19	15	23	30	5	15	16	2	27	22	14	10	
20	26	4	10	6	30	15	22	29	17	8	10	26	6	13	10	21	22	23	18	13	
21	20	15	21	30	18	5	14	20	4	21	25	18	14	20	10	24	30	6	23	28	
22	21	16	19	20	13	24	26	24	27	3	8	22	30	22	13	23	16	27	13	19	
23	8	6	20	19	21	20	16	29	4	29	5	12	19	15	25	6	23	22	27	5	
24	19	14	24	12	9	17	4	17	30	30	17	10	5	21	24	19	6	27	21	16	
25	19	20	3	24	6	4	28	3	27	10	16	28	21	10	8	21	3	3	6	3	
26	12	22	30	28	7	7	22	5	27	6	24	29	26	5	9	18	7	4	13	17	
27	5	4	2	14	26	21	9	28	23	5	18	24	22	29	22	4	8	30	25	7	
28	18	20	22	20	8	30	16	17	5	27	2	8	29	20	3	12	7	22	24	16	
29	14	4	29	30	16	10	12	8	3	16	13	5	6	11	21	25	24	22	15	9	
30	14	9	10	26	15	28	10	7	17	26	10	27	15	20	27	3	3	14	20	6	
31	10	10	30	19	8	2	19	27	20	20	16	16	14	26	24	11	17	6	10	17	
32	18	10	2	4	22	8	18	17	20	2	19	17	24	30	5	14	20	5	24	18	
33	23	3	5	12	10	12	3	26	23	24	3	12	14	17	16	9	29	15	5	2	
34	20	6	4	28	7	8	4	6	18	28	26	19	27	5	2	22	2	5	20	3	
35	11	16	15	8	12	15	20	13	30	5	9	25	28	9	14	18	29	15	26	27	
36	8	23	30	28	24	13	29	24	15	22	28	12	30	2	7	25	8	17	6	7	
37	4	20	17	14	6	10	26	25	30	20	13	20	4	24	11	18	15	5	25	26	
38	29	4	25	4	8	5	13	28	12	21	12	29	4	6	12	11	27	21	3	9	
39	20	14	11	5	28	17	18	28	27	5	14	30	28	23	7	30	13	22	16	27	
40	27	10	27	17	24	17	14	11	25	13	24	3	6	3	13	8	28	24	18	4	
41	22	9	8	18	24	8	8	25	27	24	26	22	23	6	24	2	10	8	21	25	
42	7	3	16	6	13	6	22	25	28	5	23	10	10	19	16	7	29	28	15	19	
43	6	5	15	5	11	17	14	22	23	9	10	28	16	16	13	26	21	2	20	20	
44	21	18	8	25	14	28	10	2	15	5	9	28	29	28	15	30	9	4	22	27	
45	18	8	28	5	17	21	18	3	12	29	13	22	22	21	23	12	9	23	12	7	
46	24	13	14	16	18	15	21	27	17	8	16	23	26	20	2	19	10	16	14	4	
47	20	16	30	11	22	11	30	19	14	4	9	20	29	7	11	28	7	2	20	3	
48	9	23	13	11	10	24	3	5	14	29	29	12	15	12	23	20	6	17	18	21	
49	2	26	6	13	19	5	3	19	11	9	4	8	9	24	19	2	23	18	15	24	
50	25	5	27	15	23	25	22	5	19	12	22	9	11	23	17	3	8	20	16	20	
51	24	14	26	28	16	26	22	30	12	14	29	25	18	29	8	28	2	20	10	14	
52	25	4	17	25	21	30	24	6	7	21	22	9	8	26	5	4	27	7	9	28	
53	26	17	5	7	11	30	3	16	18	5	15	5	19	28	11	16	11	19	20	23	
54	9	22	8	25	29	6	2	14	3	23	7	9	6	4	25	13	18	23	11	22	
55	6	23	27	20	11	7	14	26	3	20	17	10	6	10	11	23	16	7	19	14	
56	16	24	16	29	25	2	10	17	12	16	26	12	25	16	17	18	2	30	19	4	
57	3	28	18	27	15	9	18	3	10	15	21	9	28	5	28	13	17	30	22	22	
58	3	11	20	30	2	20	2	12	23	18	21	4	25	11	22	11	26	8	25	23	
59	8	28	29	19	6	5	8	3	19	27	9	25	17	23	3	13	13	10	22	7	
60	29	30	12	8	13	11	13	14	15	6	30	24	23	30	2	2	5	25	14	12	
61	14	15	18	16	15	18	22	3	4	11	27	15	20	23	14	23	8	22	22	3	
62	7	25	17	20	7	18	24	8	5	4	13	23	9	12	14	12	4	22	15	5	
63	24	14	27	26	24	23	15	26	21	23	15	4	30	21	14	8	28	25	13	6	
64	28	21	23	10	18	29	18	20	13	8	11	28	11	9	18	2	26	23	28	7	
65	18	23	5	10	21	2	10	24	24	29	28	6	19	24	22	7	3	3	9	3	
66	2	9	22	25	12	23	25	27	12	12	22	4	17	12	25	29	4	21	13	18	
67	13	25	18	22	23	8	5	27	13	23	9	4	10	4	17	25	10	2	11	30	
68	18	3	27	30	18	23	25	23	15	4	3	27	6	26	30	4	23	24	30	2	
69	9	20	25	11	30	2	20	29	5	13	11	26	11	20	6	7	28	14	4	29	
70	16	29	25	11	15	7	4	3	12	22	15	18	8	14	19	8	12	24	14	8	
71	28	25	6	15	19	14	24	24	9	21	18	11	27	2	26	20	13	25	2	12	
72	9	7	20	17	23	2	19	30	15	20	4	12	19	11	16	13	27	29	7	19	
73	8	30	10	19	23	14	10	19	20	10	9	12	6	16	4	17	3	13	18	5	
74	20	8	8	14	15	18	17	14	26	14	10	26	13	3	20	17	18	30	12	29	
75	23	23	28	16	24	18	18	25	7	2	25	15	6	13	12	18	13	30	22	22	
76	19	21	7	25	10	27	4	30	27	17	24	17	27	8	30	24	25	15	22	22	
77	4	26	19	27	9	12	24	18	19	12	21	13	19	3	18	17	17	11	5	27	
78	13	23	23	24	15	21	25	29	7	28	4	26	14	10	27	7	13	11	13	8	
79	8	18	13	27	6	26	20	8	24	26	7	17	2	15	24	26	6	18	23	17	
80	5	13	25	3	21	22	15	18	16	22	28	21	15	6	18	10	15	8	28	8	
81	22	3	6	22	8	13	23	18	22	30	28	2	17	26	19	27	27	30	10	5	
82	10	10	23	16	7	11	27	5	26	4	13	11	22	6	25	12	24	28	20	17	
83	15	4	21	12	21	11	15	9	20	27	21	27	19	22	15	26	26	19	22	24	
84	19	28	13	5	8	13	28	5	3	18	8	7	16	22	19	18	26	30	30	30	
85	17	14	5	17	5	14	21	7	14	8	14	9	13	18	4	13	15	5	2	17	
86	14	24	17	8	25	14	30	11	29	29	20	17	23	19	28	17	16	4	14	4	
87	19	18	11	6	28	21	23	14	3	8	28	23	25	25	23	21	8	16	3	7	
88	15	3	6	6	24	4	26	10	7	26	23	5	30	29	24	4	6	7	9	26	
89	8	20	15	29	29	20	2	10	15	12	13	4	13	9	20	12	5	4	23	11	
90	19	11	29	29	7	12	25	13	7	10	24	9	15	12	3	10	5	26	4	25	
91	24	20	21	26	24	9	16	29	23	11	29	14	19	14	27	30	3	22	5	6	
92	28	11	4	29	10	8	20	12	4	16	19	3	8	15	6	23	18	26	29	9	
93	19	7	29	27	7	28	25	22	15	11	11	16	10	9	11	25	14	12	19	16	
94	25	23	22	5	17	20	14	10	5	27	14	24	28	23	30	20	17	25	15	29	
95	7	11	8	9	14	24	9	19	24	11	30	11	11	2	17	9	9	30	4	21	
96	12	24	21	23	17	8	3	20	8	18	11	18	11	27	17	20	10	9	30	4	
97	28	30	24	17	18	2	2	22	24	4	14	20	2	24	16	27	2	23	30	7	
98	14	14	6	14	22	15	16	18	11	13	23	7	29	6	13	27	6	10	10	24	
99	8	9	12	30	15	18	9	17	7	8	22	14	5	13	30	4	3	29	9	16	
100	19	12	15	24	2	24	9	8	4	24	11	25	21	11	29	27	5	18	4	26	

[*,*,4]: 1	2	3	4	5	6	7	8	9	10	11	12	13	14	15	16	17	18	19	20:=
1	28	26	10	3	14	21	23	19	13	2	11	18	19	30	29	12	28	30	28	21	
2	4	21	29	24	9	23	30	18	3	14	14	11	24	13	18	19	22	10	26	26	
3	12	13	4	25	16	18	18	13	29	29	14	18	11	18	20	22	6	26	28	2	
4	21	7	22	2	15	5	29	6	15	22	28	17	28	14	15	19	3	24	9	10	
5	23	8	5	14	26	18	27	12	17	8	20	15	17	8	15	12	4	16	7	16	
6	20	7	16	30	2	24	15	20	19	27	14	13	26	12	29	8	8	30	10	17	
7	6	27	4	4	8	15	19	29	28	14	17	6	16	10	8	6	29	8	26	2	
8	29	23	22	28	30	4	3	12	16	14	28	29	17	2	3	28	10	30	4	18	
9	10	27	18	26	19	6	21	19	8	17	13	19	8	3	10	7	15	14	30	22	
10	11	8	5	8	16	19	15	21	28	4	16	5	27	13	21	20	24	8	9	29	
11	13	20	5	16	6	12	25	21	29	29	22	25	12	5	21	26	11	14	11	11	
12	29	16	21	2	22	13	13	11	24	19	11	12	17	15	14	7	6	15	2	2	
13	20	15	7	24	3	4	24	6	14	2	8	27	9	21	26	5	28	16	10	5	
14	4	20	7	16	30	30	16	5	2	14	11	23	30	20	13	27	30	18	5	10	
15	23	24	9	14	22	15	5	11	11	15	27	20	6	7	3	4	27	28	25	16	
16	21	15	2	28	18	19	3	12	28	27	9	7	5	29	11	16	11	26	29	17	
17	18	10	30	17	13	11	5	17	15	20	25	28	24	30	26	22	2	17	11	5	
18	17	24	10	30	25	2	26	11	15	14	27	24	16	15	5	15	7	2	10	2	
19	24	23	5	18	28	11	2	12	21	27	25	26	23	20	7	5	13	11	13	7	
20	9	2	20	17	26	11	8	11	29	28	6	19	30	29	22	17	4	14	20	20	
21	14	7	30	17	5	21	15	5	30	3	23	13	27	13	30	13	18	12	14	2	
22	21	27	11	6	18	21	11	29	11	8	10	13	16	4	23	25	5	27	2	12	
23	7	24	5	28	20	6	19	17	20	2	18	20	22	29	15	26	8	8	20	8	
24	4	25	6	21	30	17	21	14	2	3	2	14	11	21	30	15	22	22	7	19	
25	29	24	27	27	18	20	29	10	4	8	22	15	13	28	13	5	2	23	3	8	
26	6	11	9	25	13	7	14	4	26	26	28	9	30	14	3	15	20	3	19	5	
27	29	7	3	14	10	10	10	25	20	12	8	20	4	20	29	29	8	8	7	20	
28	6	4	4	26	18	15	12	19	24	22	6	16	3	19	8	4	6	2	17	20	
29	13	2	9	4	16	23	22	30	19	29	21	11	26	24	9	25	24	6	15	19	
30	6	9	10	24	25	13	25	24	12	6	18	2	25	4	24	11	7	25	27	6	
31	14	28	29	22	5	2	17	27	17	25	25	11	16	30	30	30	29	20	16	6	
32	5	24	11	26	4	30	17	13	21	12	10	9	28	27	23	25	16	18	21	13	
33	3	19	19	11	19	29	20	24	26	22	25	15	5	28	17	16	9	19	26	11	
34	23	23	4	13	11	8	6	13	26	6	4	12	16	8	11	16	24	21	2	27	
35	24	27	4	11	25	19	26	20	25	10	6	5	5	25	28	19	6	9	26	20	
36	30	20	25	7	7	20	11	12	18	22	13	9	4	14	21	13	14	26	16	15	
37	15	11	26	18	12	3	14	16	6	27	22	30	4	18	7	25	19	9	24	28	
38	28	11	5	19	29	26	17	10	25	2	28	30	4	14	24	25	18	15	22	30	
39	10	25	18	27	21	17	16	7	12	11	18	26	2	27	21	6	3	30	7	8	
40	24	18	23	13	10	15	17	18	18	30	30	7	6	7	5	25	30	14	2	27	
41	10	27	13	5	10	27	24	23	19	8	15	17	2	7	25	13	5	18	24	5	
42	11	22	19	4	17	21	28	21	23	3	8	4	21	28	25	25	22	10	21	21	
43	14	10	25	5	17	18	4	16	6	28	9	20	22	20	29	29	11	9	14	29	
44	26	14	22	20	3	8	23	14	15	13	5	20	3	8	18	12	22	13	29	12	
45	18	5	22	11	2	11	12	2	16	14	16	9	10	3	22	10	27	27	13	13	
46	26	19	10	13	16	25	25	17	10	16	23	21	13	12	11	15	2	20	29	5	
47	14	29	23	6	23	15	8	23	13	14	25	6	11	14	7	20	27	3	20	13	
48	13	14	15	6	11	9	27	6	24	23	21	28	14	28	17	7	26	13	16	2	
49	23	13	9	19	12	28	17	11	5	9	12	5	9	29	20	30	14	15	26	21	
50	23	28	27	16	3	14	10	22	6	25	5	4	8	4	4	28	25	3	6	3	
51	25	2	19	29	9	8	9	8	12	26	10	26	6	17	29	19	16	5	23	19	
52	19	13	2	10	14	27	18	26	15	15	21	7	18	22	27	2	8	30	3	5	
53	28	5	26	23	10	5	11	26	26	16	18	30	26	27	5	5	28	2	28	26	
54	29	20	26	25	23	12	5	6	25	5	25	14	10	22	2	26	8	10	28	22	
55	4	19	3	13	10	19	13	17	4	29	23	30	23	26	24	3	26	2	19	24	
56	7	22	12	22	24	29	5	22	16	4	26	27	12	26	10	17	5	19	7	21	
57	10	8	5	22	5	26	5	24	25	18	26	6	13	2	9	3	20	3	18	13	
58	16	9	20	4	3	27	3	4	30	30	10	16	28	14	30	4	28	28	14	3	
59	29	18	15	7	27	8	3	4	28	14	19	22	6	14	30	5	20	18	22	23	
60	2	16	19	6	9	18	8	11	8	20	25	9	29	27	28	13	14	23	22	7	
61	18	17	30	13	25	20	7	21	11	10	29	3	25	20	8	12	18	15	27	30	
62	19	10	28	17	2	27	7	30	22	12	25	15	20	15	17	20	26	17	5	16	
63	2	2	10	28	19	23	6	12	13	23	17	7	22	19	10	6	28	9	8	13	
64	20	4	2	23	18	7	3	10	2	4	5	20	4	2	16	17	17	11	22	4	
65	3	20	12	10	21	3	11	19	13	10	29	18	10	18	13	28	12	27	15	4	
66	24	18	25	29	26	17	19	13	22	24	6	3	3	9	21	10	9	17	5	4	
67	20	13	14	16	29	19	14	4	18	29	20	6	29	17	9	7	19	10	14	10	
68	2	10	18	2	14	18	28	4	12	27	8	2	15	18	27	13	13	6	26	26	
69	3	3	27	12	3	3	2	13	27	12	20	8	8	17	21	12	14	27	8	13	
70	7	27	30	29	11	28	25	27	25	15	29	17	27	22	28	16	15	24	8	27	
71	20	19	27	14	29	17	4	19	19	22	12	4	23	24	9	4	14	22	13	16	
72	25	25	24	18	29	11	7	29	29	21	28	26	29	6	2	10	24	29	18	4	
73	16	3	6	28	22	20	23	13	25	13	24	6	27	30	7	14	6	6	29	24	
74	5	2	13	9	14	23	22	27	24	10	24	16	28	17	22	11	27	9	21	8	
75	14	22	15	7	14	3	7	12	10	19	12	6	25	29	2	7	29	2	25	26	
76	28	2	12	29	2	30	16	21	14	27	2	5	7	20	15	20	6	19	3	10	
77	4	5	5	26	23	22	2	26	12	25	20	8	17	10	13	3	29	11	10	15	
78	27	24	7	6	20	19	18	19	5	2	26	27	2	26	25	6	11	17	3	21	
79	30	23	12	29	29	18	4	8	25	26	18	7	26	30	12	4	30	29	2	24	
80	22	25	28	11	30	24	11	16	29	15	2	30	25	20	3	30	23	3	29	2	
81	5	4	15	14	2	7	30	10	14	13	16	21	18	2	12	26	24	7	23	18	
82	6	23	9	23	18	15	6	21	2	20	27	23	13	14	21	21	30	3	11	6	
83	29	6	7	13	13	12	30	4	10	5	2	7	30	22	7	9	30	23	24	8	
84	2	18	9	5	14	9	2	24	29	12	6	8	16	8	22	23	23	5	14	15	
85	5	22	20	25	7	14	2	11	29	8	21	24	3	2	22	17	21	17	26	13	
86	30	6	10	5	12	15	2	8	15	15	22	30	23	13	27	7	6	15	24	8	
87	25	18	30	14	19	18	6	3	22	20	10	5	5	13	26	30	30	12	11	26	
88	13	25	12	8	14	14	24	16	23	18	4	14	17	4	15	20	30	3	19	5	
89	23	9	15	12	2	8	15	27	2	28	18	13	3	13	23	24	30	12	5	12	
90	23	9	14	23	17	9	4	22	15	10	17	27	13	30	19	24	14	12	15	3	
91	18	19	11	9	25	27	19	30	4	2	2	14	28	18	14	4	30	12	8	20	
92	12	20	17	11	8	17	25	22	16	6	23	11	12	6	5	11	5	19	23	25	
93	12	13	2	25	7	25	11	21	21	3	19	11	28	19	2	20	2	29	8	13	
94	5	26	30	22	28	21	21	20	5	22	18	22	10	17	7	4	24	29	30	14	
95	2	18	9	8	4	3	28	27	2	20	14	6	15	5	14	20	26	21	10	20	
96	27	18	11	25	17	8	14	9	3	22	14	16	6	16	28	30	5	20	12	23	
97	17	11	17	17	29	23	12	27	17	12	28	22	22	13	21	11	14	4	23	30	
98	12	28	13	14	12	24	8	13	14	29	28	28	25	28	19	3	9	19	23	21	
99	6	7	16	4	22	2	15	18	9	21	28	3	22	16	23	28	27	12	3	25	
100	10	23	3	26	4	9	4	24	19	2	21	13	18	28	18	3	18	8	10	8	

[*,*,5]: 1	2	3	4	5	6	7	8	9	10	11	12	13	14	15	16	17	18	19	20:=
1	26	10	21	19	26	19	12	22	24	29	20	28	24	20	20	2	16	25	13	11	
2	11	6	6	6	29	29	22	25	5	10	17	5	5	20	13	12	26	5	3	6	
3	21	9	12	3	6	13	24	24	8	28	11	9	24	17	19	25	29	2	13	30	
4	19	2	14	29	30	26	14	18	27	10	20	24	22	20	22	10	15	23	19	2	
5	12	21	8	27	30	11	9	26	29	25	16	8	23	11	12	23	25	15	3	30	
6	2	18	23	23	20	21	5	21	18	25	2	16	20	14	27	6	10	29	3	2	
7	14	27	30	6	12	8	3	15	10	21	6	4	30	25	25	14	12	29	4	15	
8	22	15	28	29	14	17	19	22	28	14	23	13	7	17	9	19	23	13	5	25	
9	3	29	19	5	22	30	22	29	18	15	8	13	17	20	22	14	9	17	23	14	
10	26	11	20	26	19	6	4	14	4	3	25	22	26	14	28	28	14	13	11	30	
11	20	14	14	29	12	22	12	5	8	17	19	19	3	26	6	2	2	4	14	2	
12	3	21	11	21	20	15	6	5	29	12	2	4	11	22	30	5	11	9	20	3	
13	28	16	22	22	29	2	20	28	25	24	8	14	22	12	13	7	8	3	14	23	
14	30	4	18	21	22	28	11	12	30	20	6	21	7	12	13	29	26	21	25	28	
15	5	30	22	28	10	10	17	18	26	21	10	21	27	16	26	12	28	4	20	4	
16	26	20	27	22	11	7	13	2	3	23	17	23	27	11	25	20	22	20	23	23	
17	25	27	2	6	22	30	30	7	19	5	26	20	8	19	13	6	7	9	23	29	
18	12	29	28	29	4	14	11	25	28	7	21	30	24	9	5	7	15	8	17	30	
19	25	14	7	12	28	19	20	27	19	27	12	20	27	10	16	3	19	4	4	14	
20	18	3	2	23	27	27	6	23	12	4	24	16	21	7	25	3	23	14	8	23	
21	10	29	4	10	14	29	6	27	8	29	15	15	8	11	12	21	19	17	5	10	
22	7	16	22	11	6	13	16	9	17	16	30	8	23	19	2	13	19	28	14	23	
23	2	5	26	7	25	6	22	29	26	14	5	20	23	2	4	12	12	15	13	6	
24	14	5	10	6	27	3	28	7	10	20	25	22	12	13	29	5	22	8	21	29	
25	19	5	28	12	2	18	29	18	20	27	24	21	24	12	11	23	4	10	19	14	
26	29	20	9	18	27	12	11	7	16	13	9	7	29	6	19	29	5	3	13	9	
27	2	17	18	12	8	3	22	9	18	23	10	18	17	22	4	6	28	14	24	14	
28	19	8	21	25	20	17	22	8	9	15	5	29	18	21	27	4	27	11	13	19	
29	8	16	18	19	30	23	27	26	8	9	29	18	4	26	20	6	23	28	18	26	
30	23	29	7	9	6	26	19	28	14	17	10	6	28	22	26	23	20	15	26	26	
31	3	7	9	13	10	10	15	12	16	17	17	19	16	6	29	23	16	3	18	27	
32	19	7	29	25	16	17	29	27	7	26	16	7	7	12	18	10	25	8	21	15	
33	30	17	2	4	5	21	12	26	21	21	15	2	30	4	28	9	16	2	6	18	
34	11	25	7	16	14	11	19	30	12	21	24	3	3	6	10	19	15	24	28	24	
35	21	8	9	22	30	20	6	30	4	7	30	17	24	10	30	15	2	13	19	30	
36	23	3	26	9	11	24	2	19	20	27	6	16	9	27	27	14	4	10	2	12	
37	10	7	24	13	18	10	2	13	12	21	2	13	14	3	5	2	24	9	22	28	
38	22	28	16	3	3	14	8	30	4	15	3	21	25	19	19	4	7	16	8	17	
39	29	8	22	9	21	11	25	10	20	24	6	9	17	2	18	6	21	30	16	24	
40	26	11	3	24	26	24	28	12	7	26	22	30	9	5	9	26	23	30	25	6	
41	17	25	27	24	15	21	12	19	26	8	16	25	10	13	22	2	7	17	4	2	
42	22	20	9	20	12	6	4	5	26	2	20	27	11	26	17	13	8	26	26	29	
43	2	7	6	21	19	6	2	2	13	30	6	14	7	17	16	24	20	20	8	14	
44	5	7	29	27	23	22	30	7	4	29	18	4	17	23	20	15	7	8	25	15	
45	10	29	13	11	24	24	15	26	10	14	25	5	10	24	14	5	30	12	13	8	
46	15	2	25	27	27	6	23	17	9	27	14	15	17	5	19	4	17	3	17	28	
47	7	14	12	19	24	26	18	10	11	14	12	21	25	4	5	5	14	5	30	23	
48	22	16	21	22	21	17	25	16	7	23	17	9	13	7	5	16	14	23	12	6	
49	16	9	11	2	4	29	7	19	23	10	11	24	19	21	19	23	7	6	7	21	
50	6	29	4	12	19	25	29	8	27	3	9	12	8	11	17	22	21	18	18	4	
51	9	8	13	4	22	19	7	30	25	17	23	18	7	4	26	4	28	20	8	30	
52	26	4	6	19	10	18	4	4	2	28	3	28	29	7	2	27	21	28	18	28	
53	15	26	24	20	3	24	27	6	20	17	18	26	23	23	22	10	7	2	20	9	
54	9	7	24	21	11	4	14	9	30	16	16	4	22	2	5	25	25	25	13	29	
55	3	13	14	15	12	30	29	10	2	29	11	30	2	22	7	11	25	8	3	30	
56	27	10	17	24	10	5	5	22	25	15	29	21	7	4	17	21	28	27	23	6	
57	3	17	18	4	28	18	19	26	8	15	23	2	29	8	11	17	25	18	22	19	
58	10	17	26	17	11	24	4	28	24	23	7	23	2	15	28	22	29	10	23	10	
59	22	12	18	7	24	13	15	15	20	18	28	4	28	14	6	4	7	19	3	7	
60	12	9	2	30	13	23	6	20	21	18	8	22	15	30	24	26	29	10	3	24	
61	19	24	28	13	6	18	30	19	30	24	10	12	7	15	11	25	17	5	17	12	
62	19	17	16	17	6	11	2	13	19	19	24	14	16	6	13	19	4	10	30	28	
63	26	15	21	13	25	28	30	4	13	18	3	22	12	23	24	23	16	17	29	26	
64	2	30	24	9	17	9	27	22	6	29	26	16	29	7	7	9	29	10	30	27	
65	9	12	14	11	18	30	25	22	8	2	15	16	11	12	29	3	6	11	7	12	
66	19	7	18	10	3	21	20	3	24	27	8	4	21	7	27	7	25	22	3	26	
67	7	9	8	25	12	7	30	3	24	22	3	11	30	28	17	14	26	23	29	26	
68	7	3	8	22	4	20	15	11	19	21	16	28	14	15	7	20	11	3	12	26	
69	16	2	30	29	2	2	23	19	5	30	5	15	27	28	26	11	16	29	10	16	
70	18	11	11	19	15	20	3	25	26	8	12	4	4	28	3	11	26	5	2	27	
71	23	10	17	27	20	21	22	7	9	13	9	6	4	10	4	24	15	21	22	29	
72	25	26	27	2	3	2	6	3	17	15	17	23	24	8	16	26	16	28	29	6	
73	17	11	8	4	8	27	23	4	28	5	10	26	13	13	24	24	7	4	2	22	
74	25	13	21	10	5	23	19	24	30	15	11	26	20	8	6	21	17	11	13	25	
75	19	26	2	30	29	24	2	19	10	17	21	6	2	2	19	20	3	16	25	5	
76	11	17	19	9	13	11	2	17	16	23	22	6	28	29	7	12	27	29	17	28	
77	9	23	9	4	17	7	25	10	24	14	19	23	12	20	7	14	20	20	30	24	
78	14	5	3	9	19	15	24	29	4	21	2	11	15	23	3	24	29	24	20	7	
79	7	12	2	7	12	28	18	3	29	7	13	4	28	29	19	22	3	4	3	17	
80	18	6	4	27	2	21	13	11	21	26	2	27	27	22	29	22	14	28	25	10	
81	9	5	10	10	24	21	7	27	13	29	11	3	29	11	13	24	23	10	25	23	
82	22	5	14	10	8	20	21	24	28	12	5	18	11	5	15	28	2	23	11	25	
83	18	8	14	27	20	16	5	25	25	16	20	18	25	10	27	22	15	11	28	24	
84	6	11	18	7	4	7	27	25	8	16	23	4	27	15	3	26	5	17	13	17	
85	21	30	12	30	17	26	11	7	26	6	6	5	13	12	12	30	9	29	4	6	
86	11	7	9	5	15	15	12	7	26	9	30	10	30	5	19	27	12	30	15	18	
87	29	16	24	15	7	29	17	21	2	6	8	19	14	19	22	7	11	25	7	9	
88	30	19	23	17	8	13	20	22	30	13	29	13	8	14	3	16	19	23	22	12	
89	13	9	28	19	28	13	18	5	21	19	15	21	12	30	2	26	22	21	4	25	
90	18	17	14	4	4	4	10	9	12	18	23	26	15	30	13	22	19	15	17	5	
91	24	30	26	25	11	11	30	21	13	21	21	14	6	22	16	23	9	6	29	10	
92	17	7	21	16	18	21	27	7	4	20	13	17	2	12	26	7	18	2	27	20	
93	2	24	20	19	27	12	15	7	3	25	24	7	28	13	14	6	7	15	9	29	
94	13	17	23	12	6	20	18	27	21	11	16	27	2	23	25	12	11	29	18	21	
95	25	12	17	12	28	15	29	3	17	2	27	9	2	7	9	12	5	7	15	6	
96	26	22	29	28	27	16	20	22	22	29	19	16	24	30	30	9	14	22	15	4	
97	26	21	2	7	26	18	20	17	5	8	27	24	23	16	24	21	22	10	30	6	
98	5	2	27	3	24	28	26	16	15	28	8	16	20	19	16	17	8	3	27	5	
99	21	9	13	24	12	29	26	16	4	19	6	7	27	4	25	3	23	14	4	5	
100	6	16	27	5	21	18	4	4	5	13	21	9	28	13	5	8	26	13	10	25	

[*,*,6]: 1	2	3	4	5	6	7	8	9	10	11	12	13	14	15	16	17	18	19	20:=
1	28	19	4	23	14	5	20	30	18	11	22	20	13	12	2	14	13	19	2	27	
2	7	3	2	30	22	30	22	26	17	2	10	13	2	7	9	24	7	9	27	17	
3	12	16	18	8	28	24	16	4	27	6	15	3	18	24	23	11	14	28	26	12	
4	11	19	9	5	8	19	16	27	16	27	24	25	16	29	24	24	9	23	12	25	
5	8	23	20	2	9	17	24	18	29	8	29	27	30	3	14	10	6	26	16	22	
6	24	9	19	28	24	29	7	16	24	23	20	15	8	2	25	10	10	26	5	3	
7	11	23	22	8	30	8	15	30	13	17	27	14	9	28	22	30	27	19	24	7	
8	6	29	11	16	26	6	25	8	30	27	7	3	4	21	15	26	15	15	4	8	
9	27	2	9	3	13	25	8	15	12	25	3	23	3	18	4	5	24	26	8	29	
10	25	6	25	17	3	6	17	23	14	13	8	11	10	29	14	21	26	3	27	4	
11	6	29	20	26	19	19	24	15	20	14	27	17	16	11	23	17	11	25	24	15	
12	5	9	19	24	2	27	19	5	9	19	9	19	2	2	30	29	29	24	15	12	
13	22	24	17	10	3	16	17	8	21	14	19	6	3	20	19	4	16	22	19	14	
14	27	19	30	18	3	24	8	5	11	23	25	3	10	2	3	22	2	9	15	3	
15	14	28	9	7	22	7	15	4	13	5	11	12	30	2	22	9	17	8	20	4	
16	24	26	12	7	29	26	16	17	27	12	22	16	14	15	10	24	3	19	2	13	
17	8	11	20	30	22	21	27	16	15	24	20	17	23	9	13	2	10	5	5	4	
18	18	13	18	21	17	27	16	12	2	5	7	12	15	23	14	15	10	10	8	21	
19	22	29	24	2	15	16	14	29	25	21	18	25	28	30	5	7	23	28	21	10	
20	18	3	29	9	5	18	23	27	28	8	4	15	20	19	8	8	21	3	9	3	
21	18	22	11	14	5	25	14	20	30	9	21	26	28	19	27	11	25	17	13	26	
22	16	2	8	5	27	12	3	22	11	26	28	26	23	6	25	14	13	19	24	13	
23	5	9	19	19	2	13	23	22	25	8	24	7	20	10	9	28	6	16	16	6	
24	21	20	26	3	17	20	8	12	15	23	29	29	28	21	7	4	15	25	9	18	
25	17	5	2	21	23	25	25	29	22	3	19	17	6	6	13	26	19	23	21	13	
26	17	13	27	10	25	28	22	20	4	5	2	25	14	24	25	26	22	16	13	6	
27	12	24	29	29	14	18	20	30	6	27	7	21	11	11	7	13	13	13	16	14	
28	28	11	21	13	10	15	14	16	11	12	10	29	16	10	28	24	15	28	12	6	
29	23	19	6	10	27	15	10	11	23	5	4	12	15	20	21	14	28	6	6	19	
30	20	16	13	13	16	8	11	14	3	24	13	16	30	2	15	12	3	24	16	28	
31	26	24	24	25	29	6	19	23	12	30	12	27	9	13	2	27	14	16	30	17	
32	10	27	28	12	20	21	15	29	11	18	27	20	17	23	9	10	30	8	17	10	
33	13	18	7	9	24	24	6	24	26	29	27	17	10	4	17	9	19	14	11	11	
34	16	6	26	8	25	24	9	24	2	19	12	8	6	17	16	16	16	13	13	19	
35	7	25	6	23	23	30	5	6	24	27	11	3	29	12	20	11	3	8	15	30	
36	23	3	29	8	19	20	24	18	25	28	17	13	29	13	30	28	9	7	21	4	
37	16	29	25	25	3	4	25	19	11	8	23	22	9	20	23	8	28	6	5	5	
38	23	5	13	20	20	4	27	21	9	5	2	14	19	22	5	2	19	15	21	16	
39	28	2	19	20	9	2	24	5	8	9	6	10	4	16	10	20	20	23	26	22	
40	15	15	18	5	23	24	30	7	21	16	19	3	25	15	5	21	28	24	14	17	
41	29	26	5	10	3	12	14	2	27	29	19	9	2	18	30	27	12	21	2	3	
42	7	20	7	4	5	2	18	30	4	21	2	18	26	6	14	11	15	5	16	2	
43	20	29	19	7	25	5	12	5	6	14	26	30	9	10	9	11	29	8	9	22	
44	6	30	14	27	28	15	30	28	27	16	22	21	10	21	26	29	16	6	9	20	
45	28	27	3	11	8	15	19	30	3	5	10	4	22	15	6	21	12	11	7	9	
46	5	30	8	23	5	9	14	12	17	5	26	15	6	6	20	8	24	6	25	3	
47	19	13	30	6	14	13	28	14	11	18	18	27	24	6	15	15	3	4	4	28	
48	7	10	3	26	27	18	29	22	3	10	24	27	12	9	13	20	3	2	20	24	
49	30	4	20	22	7	5	5	12	16	28	26	23	22	9	13	27	14	9	8	17	
50	28	7	5	11	10	11	22	25	28	23	12	25	21	22	13	3	14	18	21	22	
51	29	22	28	28	16	22	10	30	10	8	7	13	6	28	30	23	25	18	29	10	
52	30	18	17	28	26	6	26	12	25	4	21	13	12	2	11	21	27	22	25	8	
53	10	4	23	28	5	18	26	18	4	21	27	11	15	11	8	2	27	7	8	8	
54	11	14	17	3	2	20	6	16	30	10	7	16	26	19	17	25	30	13	6	11	
55	13	9	2	28	10	12	8	19	21	15	8	20	29	21	18	10	23	12	24	7	
56	19	5	24	16	23	19	11	27	24	10	7	23	12	26	14	8	23	5	21	30	
57	11	14	24	13	17	22	17	30	12	9	19	21	15	28	20	9	7	15	30	28	
58	8	11	9	18	19	22	22	18	24	15	30	26	8	9	8	10	28	9	21	5	
59	3	17	28	13	6	27	11	4	26	17	29	13	28	4	11	27	10	5	30	10	
60	2	11	13	18	24	24	28	9	7	29	16	13	17	22	2	30	5	7	22	9	
61	6	21	13	8	21	8	18	24	15	25	24	8	22	22	24	25	29	9	28	8	
62	8	3	27	12	18	2	6	18	25	23	9	30	15	23	17	29	6	26	4	14	
63	29	14	3	25	20	11	12	12	12	12	29	26	20	8	13	11	21	8	24	3	
64	7	18	16	12	25	15	7	13	10	7	2	7	12	20	3	10	18	16	26	26	
65	2	6	14	19	3	2	5	15	23	12	27	25	27	18	17	27	16	25	18	6	
66	8	24	5	15	24	22	7	13	4	28	26	2	2	7	4	11	29	17	28	3	
67	29	8	9	15	4	19	8	28	19	8	20	8	5	16	15	20	8	19	30	26	
68	19	9	11	8	18	12	8	21	6	3	18	28	15	5	18	22	22	24	3	2	
69	3	23	13	24	17	27	5	17	24	17	19	8	13	15	11	18	12	14	18	17	
70	4	11	13	24	21	15	2	11	12	30	27	16	13	18	23	22	10	3	6	15	
71	2	19	19	30	28	15	28	15	27	20	11	22	2	18	22	15	26	4	6	29	
72	29	9	3	4	11	19	3	6	5	5	30	2	8	28	12	2	24	15	11	18	
73	28	10	19	19	28	27	15	21	7	30	6	21	30	4	8	24	25	23	5	26	
74	16	13	15	9	10	29	20	22	2	26	24	18	5	9	13	19	4	3	9	9	
75	25	26	27	4	29	17	30	20	11	13	4	11	18	26	21	9	30	28	18	11	
76	6	30	26	4	25	8	12	8	8	8	16	18	22	28	23	19	5	8	14	22	
77	21	14	27	27	14	12	20	4	2	16	11	23	26	2	9	9	2	7	5	27	
78	10	8	25	19	9	8	26	6	13	14	29	2	9	27	10	11	8	9	30	17	
79	26	16	12	8	26	5	26	2	4	26	30	2	16	7	26	12	29	21	26	9	
80	13	14	23	6	16	27	26	2	13	13	22	21	26	28	20	4	23	9	27	11	
81	15	8	3	7	30	8	11	26	2	14	28	26	19	27	17	11	8	6	21	20	
82	27	17	6	23	10	18	24	27	24	30	5	10	14	25	18	19	2	24	9	6	
83	10	7	18	7	9	11	27	11	17	13	9	19	14	26	8	20	8	2	21	24	
84	13	30	28	11	19	20	15	7	5	13	25	23	3	29	20	30	12	29	20	29	
85	26	6	5	27	10	20	30	24	17	24	18	19	27	20	9	15	5	22	30	27	
86	7	8	5	12	22	19	23	27	21	16	11	20	9	25	2	14	27	19	28	25	
87	4	26	7	12	6	21	16	9	16	8	19	21	6	8	19	5	7	12	12	18	
88	24	18	30	14	4	14	16	20	2	5	8	24	15	13	13	21	25	13	11	23	
89	29	23	17	23	27	13	24	4	21	6	5	9	20	6	9	11	9	18	16	16	
90	13	4	22	26	28	4	16	21	11	17	26	15	8	17	2	5	24	10	17	24	
91	21	29	5	29	29	13	17	20	11	17	7	16	27	4	9	22	6	26	18	20	
92	24	21	28	10	24	17	16	3	6	25	9	25	4	26	16	10	29	20	12	23	
93	10	26	17	18	6	15	21	7	7	5	25	17	15	5	22	14	14	24	21	5	
94	6	4	16	7	25	20	5	24	12	13	25	3	11	28	10	9	25	14	3	9	
95	17	12	9	26	9	15	6	5	23	17	12	28	10	18	8	15	4	20	22	13	
96	14	19	14	22	23	4	13	5	13	25	12	2	7	29	23	2	11	25	16	26	
97	24	27	26	23	2	4	24	15	12	23	5	12	23	27	3	14	18	23	12	5	
98	23	22	22	29	26	9	20	28	4	13	12	8	9	25	29	29	23	4	11	2	
99	3	21	7	8	12	3	12	23	19	16	10	13	15	25	4	26	13	28	15	15	
100	26	11	13	22	2	23	28	6	15	11	21	15	12	9	23	29	11	21	24	28	

[*,*,7]: 1	2	3	4	5	6	7	8	9	10	11	12	13	14	15	16	17	18	19	20:=
1	16	27	4	28	28	11	22	27	17	13	18	11	6	6	18	26	26	8	25	30	
2	2	22	10	27	15	24	25	7	16	3	17	12	10	17	13	14	29	6	15	8	
3	25	29	13	12	2	21	14	22	3	16	18	10	11	2	11	2	24	27	30	3	
4	2	19	4	5	30	4	25	17	22	30	6	15	26	23	24	7	19	22	3	20	
5	4	8	28	27	11	4	25	14	14	16	16	19	15	18	22	13	13	4	8	26	
6	4	18	26	25	22	19	9	20	22	14	18	21	15	6	7	21	28	7	15	13	
7	18	11	29	26	16	18	3	17	15	5	2	16	10	21	21	5	14	26	26	11	
8	22	28	20	18	16	15	19	26	16	19	14	10	9	21	6	4	14	12	29	29	
9	25	4	2	2	13	28	2	23	13	27	4	28	16	16	10	8	3	3	27	7	
10	14	2	25	17	14	21	28	13	11	9	21	23	24	11	19	2	21	30	5	12	
11	9	28	29	11	5	2	23	29	22	11	19	27	11	14	15	21	4	17	22	22	
12	8	10	10	2	7	25	9	25	17	28	9	21	8	25	12	25	10	10	21	23	
13	9	15	29	2	20	23	15	12	21	10	20	21	29	12	30	13	25	3	25	19	
14	22	17	27	21	14	14	15	11	19	29	9	13	20	11	12	30	25	12	24	21	
15	28	30	15	26	25	10	16	7	2	12	23	16	2	15	10	20	14	11	30	10	
16	15	28	8	17	28	10	12	21	4	29	7	2	25	30	4	25	9	7	15	19	
17	3	20	2	11	9	17	5	6	12	12	11	7	20	3	26	3	3	5	30	4	
18	5	30	4	7	26	17	16	2	23	3	3	23	14	14	30	20	22	23	25	26	
19	28	11	26	23	7	16	5	25	17	8	30	30	22	9	19	21	27	17	11	25	
20	8	16	23	3	12	2	19	6	24	3	26	4	26	11	30	30	11	2	14	15	
21	11	19	6	2	26	21	27	4	13	21	18	16	9	25	8	30	10	21	4	5	
22	21	3	23	13	8	28	27	23	7	13	26	11	2	10	3	7	15	2	20	29	
23	3	4	30	10	12	6	21	29	9	2	20	22	25	25	28	13	21	9	19	21	
24	23	17	4	2	16	17	6	15	22	22	14	28	3	29	12	19	8	20	17	28	
25	28	28	14	7	29	12	2	13	6	3	11	25	5	17	17	12	2	15	27	9	
26	28	23	27	10	2	18	15	23	25	11	24	24	30	28	10	18	4	15	9	19	
27	3	16	13	5	9	28	3	30	30	3	9	3	30	19	20	28	9	22	13	6	
28	14	19	23	28	15	21	4	18	14	17	26	17	11	29	20	19	4	5	12	16	
29	13	15	18	17	20	13	27	9	21	20	8	30	20	10	20	16	5	28	19	10	
30	21	24	29	17	7	30	6	9	22	12	27	22	8	21	12	5	26	29	29	18	
31	13	16	16	30	9	9	28	29	10	18	21	13	30	29	11	6	5	2	13	2	
32	13	17	28	29	17	14	16	7	8	28	19	12	21	4	29	22	5	14	7	8	
33	12	18	6	19	2	12	11	23	4	25	16	14	4	22	27	23	9	17	11	29	
34	20	8	25	15	17	27	13	17	14	5	9	12	5	19	13	11	16	23	11	15	
35	2	2	6	22	6	21	6	26	2	25	30	14	16	8	28	24	27	24	20	4	
36	2	6	19	4	14	15	2	17	24	29	8	25	3	6	22	22	7	13	13	17	
37	3	13	21	6	22	24	5	5	8	10	21	18	25	3	16	8	29	15	20	5	
38	3	13	3	2	25	30	26	9	14	15	8	2	13	4	20	28	28	9	29	25	
39	3	22	3	2	20	24	25	2	30	2	18	22	10	29	19	23	25	9	3	22	
40	23	14	5	8	28	6	12	21	28	20	19	7	13	7	28	16	5	15	29	10	
41	19	13	4	2	3	22	30	30	13	16	8	6	6	26	19	24	3	15	7	18	
42	9	19	3	17	12	14	26	25	15	17	18	12	13	21	30	20	11	27	3	24	
43	23	26	9	7	28	8	11	17	4	13	26	16	15	3	7	14	27	13	22	4	
44	4	8	7	5	14	17	14	23	23	12	26	27	5	17	20	20	30	27	5	7	
45	17	15	3	23	2	30	2	21	6	4	2	24	8	8	3	30	10	16	24	4	
46	28	9	13	25	5	13	24	23	17	19	11	23	17	28	20	17	21	25	23	23	
47	17	24	13	26	11	4	5	9	9	15	22	23	17	18	4	6	24	28	26	24	
48	18	30	30	4	8	5	9	17	14	30	13	26	22	6	15	25	7	9	26	12	
49	22	5	28	8	14	3	22	3	27	27	17	22	24	3	19	15	24	19	19	5	
50	3	6	29	24	21	20	26	10	7	10	2	18	29	30	20	3	11	28	24	9	
51	3	16	13	20	27	26	19	3	25	13	6	5	16	23	10	7	29	26	6	16	
52	20	3	10	29	3	24	6	25	4	17	9	21	12	4	21	4	24	5	3	16	
53	6	3	4	28	14	21	4	23	2	16	29	13	9	4	8	30	12	10	6	22	
54	5	19	14	29	23	5	27	19	8	9	16	7	29	6	4	29	21	22	2	4	
55	5	4	15	7	23	30	19	26	21	2	8	28	16	2	22	24	28	30	13	21	
56	12	11	18	26	14	21	27	21	15	30	28	22	6	4	24	15	26	26	15	11	
57	9	12	25	11	21	24	6	7	3	10	17	18	20	9	3	20	6	4	28	20	
58	24	19	16	13	26	17	24	28	18	23	3	24	5	25	14	5	25	5	7	6	
59	12	15	17	5	10	22	17	21	27	17	9	3	5	22	5	16	19	16	9	28	
60	16	15	20	10	10	14	6	11	21	8	7	15	8	8	7	25	22	24	8	24	
61	23	10	3	23	9	22	17	23	30	5	14	26	8	19	30	18	27	28	19	22	
62	21	15	18	5	26	7	17	5	15	18	19	13	15	9	11	29	27	19	6	25	
63	18	20	16	18	2	3	4	24	21	4	16	2	9	17	27	8	3	2	19	18	
64	18	3	5	15	26	16	30	11	14	18	23	26	14	29	11	8	13	2	8	3	
65	23	23	25	21	19	25	2	19	25	25	26	27	6	14	25	2	15	21	12	14	
66	3	17	27	24	15	25	11	24	30	24	12	26	15	16	4	2	14	23	2	18	
67	7	18	26	28	27	11	19	11	10	10	8	28	8	6	22	8	9	21	11	21	
68	9	22	16	3	5	14	15	17	21	14	9	5	21	3	30	16	25	3	12	16	
69	15	5	12	29	18	11	5	23	22	13	13	19	23	13	24	12	7	5	22	9	
70	25	4	14	6	4	5	10	23	22	22	30	3	25	27	29	27	5	18	17	5	
71	12	23	7	20	16	17	27	5	7	4	19	16	15	2	8	7	27	15	22	13	
72	19	28	16	2	4	23	12	3	28	23	8	4	6	2	18	19	23	21	9	2	
73	24	30	3	11	5	28	30	3	22	30	8	8	20	4	28	5	29	22	22	7	
74	11	24	28	4	12	11	21	13	18	3	4	23	6	30	21	27	28	14	8	8	
75	24	15	29	11	7	4	14	30	17	19	5	15	3	14	4	13	7	30	21	8	
76	5	28	3	17	4	27	15	20	19	23	20	6	15	30	16	9	19	25	28	12	
77	24	3	20	28	24	3	30	7	28	11	23	2	15	6	16	24	9	22	21	4	
78	7	24	16	15	27	20	21	27	3	6	18	2	2	16	12	24	29	15	18	6	
79	8	28	24	3	21	21	15	4	22	15	24	7	12	29	26	6	29	7	27	12	
80	30	19	30	28	20	17	27	18	4	29	22	12	9	2	15	14	16	18	16	16	
81	13	11	14	15	23	6	23	21	2	12	16	5	14	20	10	4	23	22	14	2	
82	10	29	29	12	8	12	14	19	14	13	10	11	16	2	10	25	3	29	27	6	
83	7	4	20	20	13	17	6	11	9	14	24	29	28	19	22	23	29	23	11	27	
84	10	30	23	26	25	21	3	17	14	4	30	28	5	28	25	17	21	28	24	21	
85	12	21	5	26	27	24	29	7	18	25	4	27	7	7	5	26	18	16	8	23	
86	9	3	19	18	2	23	23	13	24	19	16	22	30	7	29	2	28	17	20	2	
87	7	26	30	7	20	21	27	8	14	6	7	16	25	5	8	9	24	6	29	9	
88	3	8	8	25	15	7	18	8	15	10	2	27	15	21	11	6	4	21	14	4	
89	28	21	14	12	11	16	4	29	24	13	17	15	25	4	7	28	19	13	27	22	
90	2	26	17	25	15	4	30	14	10	2	19	2	13	17	16	14	22	17	25	10	
91	9	18	11	28	21	2	21	20	22	5	17	13	25	8	20	23	25	9	10	29	
92	6	10	9	3	10	13	11	18	21	11	13	23	13	3	19	15	2	23	24	6	
93	26	6	4	12	11	24	22	23	5	6	5	8	14	26	16	26	2	26	5	18	
94	26	24	2	10	8	25	12	29	21	26	10	6	11	4	17	23	19	21	6	14	
95	17	7	16	17	23	29	7	24	17	4	18	16	13	16	9	21	28	7	14	13	
96	22	18	28	26	26	6	4	5	19	15	18	19	16	17	28	16	12	10	27	7	
97	8	27	29	28	3	6	6	18	9	17	27	14	29	13	28	24	17	7	30	25	
98	21	4	22	8	3	7	23	29	14	6	2	24	26	30	27	6	22	23	17	24	
99	20	11	17	28	10	5	4	11	2	13	24	14	4	5	20	6	11	14	17	18	
100	27	18	28	17	9	18	13	29	24	29	9	14	23	26	26	23	26	13	13	8	

[*,*,8]: 1	2	3	4	5	6	7	8	9	10	11	12	13	14	15	16	17	18	19	20:=
1	24	24	7	14	23	18	21	22	10	10	2	2	19	29	16	4	15	5	29	28	
2	8	10	25	26	14	30	24	2	14	14	4	6	22	18	5	22	2	5	8	28	
3	21	4	27	23	28	10	19	26	5	26	20	18	11	3	5	7	20	7	9	22	
4	17	24	11	11	28	11	3	3	3	30	26	27	23	2	5	9	3	12	4	18	
5	5	2	6	2	2	27	13	29	13	22	29	15	4	4	27	29	8	3	23	30	
6	17	21	21	15	22	10	8	18	9	27	24	12	26	21	2	18	3	6	3	22	
7	26	25	2	28	23	28	7	20	5	12	12	23	24	8	14	10	12	19	21	30	
8	23	7	10	7	15	8	20	28	11	25	19	6	14	7	6	26	20	13	2	21	
9	21	27	12	6	10	25	24	24	10	28	26	6	23	4	12	3	19	17	26	21	
10	3	9	14	3	20	12	8	5	18	30	18	4	12	4	23	27	13	29	12	25	
11	7	13	11	8	26	26	19	5	10	8	16	12	23	24	3	8	21	2	20	5	
12	26	27	12	24	7	9	19	5	29	23	17	11	28	28	12	9	20	9	19	14	
13	7	12	16	7	29	28	13	16	23	18	18	19	6	19	16	10	4	6	27	7	
14	11	24	26	25	19	12	30	29	5	18	5	22	6	17	22	21	3	7	29	15	
15	11	6	12	21	16	26	9	16	19	5	13	25	20	16	5	30	26	5	14	7	
16	26	7	26	22	29	14	24	9	9	22	4	6	23	19	22	27	22	7	12	6	
17	5	24	14	9	28	24	11	22	13	7	19	24	5	25	28	28	13	9	15	15	
18	4	21	14	15	9	8	16	27	21	11	12	15	6	16	3	10	3	6	18	13	
19	23	4	8	3	23	19	10	28	24	21	12	18	8	4	15	14	9	25	4	14	
20	25	6	11	2	6	25	12	25	2	3	27	26	25	2	16	5	30	9	22	21	
21	16	19	6	15	30	7	12	13	3	25	13	10	25	27	2	17	15	14	29	29	
22	21	13	15	20	23	2	12	27	5	21	17	14	18	17	6	29	13	13	27	28	
23	3	14	11	12	16	27	15	5	29	12	8	12	30	25	27	25	8	18	9	27	
24	23	29	5	8	23	29	16	21	17	2	13	21	4	5	28	20	21	15	5	15	
25	15	23	20	17	11	10	11	12	12	24	7	11	2	6	9	27	19	24	4	12	
26	22	30	17	10	18	20	8	18	12	9	4	8	7	13	23	4	13	22	20	7	
27	25	18	9	6	6	15	19	21	25	18	5	29	22	11	7	29	18	5	20	14	
28	6	22	19	28	30	29	18	27	25	30	2	18	13	6	8	23	24	25	9	17	
29	7	16	28	27	5	20	24	15	24	8	24	5	12	10	26	3	12	29	5	30	
30	8	23	3	3	15	23	12	6	8	14	3	22	5	21	10	11	9	24	2	12	
31	12	8	29	5	11	4	17	30	24	30	18	17	5	24	27	27	2	29	6	25	
32	14	25	27	20	19	11	29	21	21	29	3	13	12	9	7	8	22	15	20	10	
33	16	26	17	22	18	25	12	19	4	10	23	9	2	25	26	14	7	11	23	14	
34	6	26	29	20	22	17	20	16	26	9	11	16	19	30	19	2	23	7	16	28	
35	2	19	13	27	29	21	3	6	10	3	28	19	28	20	17	16	20	12	21	24	
36	9	28	28	11	26	25	24	4	30	29	19	15	14	18	18	2	2	12	22	23	
37	7	6	3	24	18	14	22	23	15	28	15	29	26	27	26	23	27	6	27	5	
38	26	19	29	30	11	15	15	4	21	27	25	7	5	4	2	3	20	10	8	23	
39	19	4	13	4	30	3	19	12	7	24	27	5	12	9	7	15	8	19	23	8	
40	9	20	5	5	8	22	21	28	30	17	27	3	13	24	5	27	2	15	17	23	
41	28	14	3	11	7	4	10	2	2	9	25	11	17	10	23	14	13	24	25	10	
42	23	14	28	27	13	25	7	14	13	2	27	4	3	24	9	11	23	28	30	6	
43	21	20	9	22	11	6	15	10	12	3	28	29	26	6	18	6	17	29	30	29	
44	27	5	21	22	7	5	17	20	21	24	11	30	28	27	5	23	3	27	30	25	
45	18	17	8	30	24	7	12	11	3	21	24	27	19	29	5	14	26	29	6	2	
46	13	2	28	19	9	20	7	13	9	22	23	23	23	18	17	26	21	9	17	12	
47	24	11	26	7	16	27	24	7	15	20	12	14	7	3	6	7	2	24	19	13	
48	15	14	6	26	11	8	25	16	10	14	8	23	13	16	12	19	22	28	21	12	
49	17	15	12	12	22	29	6	7	11	18	4	27	20	11	21	2	3	21	13	15	
50	2	28	9	13	29	8	10	12	29	21	10	5	21	21	8	25	20	8	21	24	
51	9	6	25	2	27	26	29	4	21	6	5	25	5	15	28	28	4	29	7	20	
52	24	29	6	18	29	21	24	5	24	3	6	3	29	14	4	15	23	10	12	29	
53	15	20	18	22	15	25	7	25	3	12	4	16	18	20	26	30	22	29	13	17	
54	7	29	2	2	24	20	25	8	8	16	29	26	20	26	22	5	20	3	28	10	
55	14	22	10	4	9	12	11	10	10	26	22	19	15	13	28	5	4	8	8	17	
56	20	7	13	3	4	4	26	22	24	24	23	20	6	9	24	5	25	29	3	11	
57	18	11	16	28	6	30	13	30	10	2	21	26	26	4	8	4	14	18	18	6	
58	10	23	20	26	26	2	23	3	23	6	3	12	19	12	4	28	4	5	6	3	
59	10	23	16	5	4	18	21	14	30	22	26	14	20	23	3	23	20	27	15	23	
60	4	10	27	3	24	5	7	21	22	7	30	18	27	13	20	25	7	27	25	14	
61	27	4	28	27	3	25	15	30	8	21	28	6	27	20	20	27	21	7	17	16	
62	18	23	2	14	5	21	5	27	4	8	27	19	5	13	30	29	8	17	14	14	
63	3	10	18	18	2	28	27	18	19	17	2	2	13	11	27	6	2	19	7	26	
64	13	2	9	7	7	24	9	15	19	8	21	10	25	4	24	7	16	15	17	23	
65	3	11	21	8	14	15	23	3	16	5	27	14	3	14	7	12	13	14	22	12	
66	9	8	14	14	18	16	20	30	23	28	2	16	10	16	2	10	15	21	6	10	
67	25	8	14	18	3	21	5	7	29	17	13	14	19	30	6	17	10	21	25	5	
68	18	18	2	28	29	3	2	2	6	2	7	19	6	9	24	3	13	8	2	18	
69	25	15	18	12	12	10	18	15	15	7	28	24	5	20	21	12	8	21	2	18	
70	26	8	13	2	21	7	14	12	17	22	29	25	3	26	12	21	18	17	19	14	
71	2	23	18	15	26	27	25	28	26	8	2	23	7	4	8	11	16	18	12	3	
72	19	7	16	27	28	27	16	26	22	17	13	13	25	8	7	20	2	29	11	16	
73	29	30	30	11	22	12	30	19	10	2	10	10	29	6	30	26	26	24	12	7	
74	8	14	22	7	8	14	19	26	5	7	8	17	26	4	28	30	2	26	25	7	
75	8	9	6	29	27	10	15	26	29	21	6	12	29	3	5	29	23	9	6	20	
76	6	20	4	22	21	8	21	24	20	4	29	30	10	17	16	21	2	10	12	30	
77	8	2	10	27	30	20	19	20	14	19	16	3	13	9	11	20	29	15	7	3	
78	2	22	4	29	10	18	17	8	7	18	28	7	21	10	16	30	14	17	27	18	
79	11	22	23	25	10	23	24	2	12	18	25	22	26	17	3	18	24	16	12	28	
80	17	25	22	23	19	27	3	19	11	5	16	8	9	17	20	29	11	29	26	13	
81	8	25	17	3	5	25	28	21	2	19	30	25	28	8	6	22	8	21	13	3	
82	13	5	4	28	12	23	22	5	15	5	9	12	24	18	21	28	8	21	26	4	
83	20	30	11	8	19	5	4	28	28	26	9	2	12	30	22	13	22	24	9	19	
84	18	3	28	17	8	3	9	5	16	13	5	11	19	25	22	10	19	26	21	26	
85	4	23	25	16	9	27	27	11	10	7	16	28	25	11	11	30	19	30	11	24	
86	18	3	8	10	12	23	11	26	8	29	15	15	10	15	14	11	27	17	23	21	
87	13	12	27	26	17	3	21	20	16	16	22	16	24	23	28	9	16	24	6	9	
88	6	3	24	23	7	12	19	5	22	29	19	12	5	12	23	12	11	18	9	26	
89	18	13	28	16	14	26	18	17	2	5	11	21	20	13	12	8	26	30	3	7	
90	22	21	3	16	7	29	28	22	17	20	28	23	15	11	2	8	19	9	13	9	
91	19	25	9	5	11	30	11	20	30	25	27	18	16	18	15	22	7	12	5	15	
92	15	16	12	28	23	25	27	18	19	20	3	16	12	28	16	24	3	21	13	26	
93	8	17	13	30	13	3	7	4	13	16	24	28	12	16	9	27	12	22	6	30	
94	22	18	23	14	6	16	6	13	9	22	27	24	22	10	30	21	28	27	2	23	
95	14	18	30	11	9	24	27	18	21	12	14	4	11	23	26	13	21	25	15	25	
96	18	15	28	2	13	11	25	10	8	13	14	2	15	4	2	29	3	23	8	7	
97	10	22	2	15	22	15	17	18	19	27	5	3	10	27	14	11	8	3	30	23	
98	16	30	7	29	8	14	13	24	30	14	8	6	21	4	17	27	19	5	10	4	
99	11	24	13	4	5	23	7	22	26	11	14	29	7	3	22	5	11	18	23	15	
100	9	17	21	20	25	3	28	6	10	22	26	24	9	21	16	5	18	7	15	6	

[*,*,9]: 1	2	3	4	5	6	7	8	9	10	11	12	13	14	15	16	17	18	19	20:=
1	13	14	22	8	8	2	27	29	4	4	6	5	19	23	16	15	3	6	26	28	
2	5	7	19	12	3	2	29	13	3	29	25	9	18	30	14	4	8	29	30	10	
3	22	8	9	8	20	2	5	15	10	14	30	25	30	24	10	3	30	24	3	6	
4	10	23	20	16	11	21	27	4	3	26	20	22	6	12	18	19	2	26	29	29	
5	14	28	21	8	25	27	8	19	6	24	29	27	2	19	12	12	2	15	12	16	
6	6	24	13	5	19	3	22	25	6	29	2	30	25	21	5	12	28	13	29	12	
7	8	25	26	5	26	12	17	18	23	8	8	5	4	9	30	7	13	18	14	16	
8	28	7	3	9	25	4	11	30	14	2	7	18	19	12	12	28	24	22	29	8	
9	16	5	25	11	30	3	17	28	30	27	17	2	6	11	7	14	26	30	5	9	
10	30	10	20	28	17	30	2	9	3	19	23	5	21	24	9	7	5	22	22	12	
11	20	9	27	14	23	8	29	26	21	9	4	25	7	12	15	10	27	21	8	23	
12	4	12	17	14	14	3	5	30	10	29	20	24	21	5	25	29	10	30	7	10	
13	30	11	21	6	27	6	12	23	4	10	16	21	4	11	19	29	15	29	18	7	
14	30	20	22	9	30	22	19	28	22	18	23	28	21	29	21	15	20	13	24	21	
15	25	28	27	18	8	10	5	14	9	13	8	8	3	19	30	11	15	5	17	6	
16	23	27	26	24	2	29	4	19	9	18	12	29	17	11	21	4	29	18	10	21	
17	27	18	19	22	13	15	28	11	10	17	18	15	3	2	18	16	14	8	16	28	
18	22	6	29	10	26	2	24	7	26	23	14	4	28	6	16	29	14	9	27	26	
19	29	22	27	4	13	18	14	4	7	24	14	26	24	9	28	12	7	13	21	24	
20	15	19	27	6	2	13	23	6	7	25	16	15	5	28	21	5	24	2	24	16	
21	12	28	4	10	3	7	3	10	17	2	2	21	3	5	18	4	25	4	12	15	
22	20	23	19	24	23	27	5	17	21	8	3	19	19	15	29	23	7	24	9	27	
23	27	24	23	28	29	21	16	14	3	18	23	8	19	22	10	19	8	8	13	8	
24	4	16	17	25	20	13	2	4	13	19	24	29	11	11	19	25	20	7	7	24	
25	21	26	28	25	5	17	24	22	13	20	21	30	23	29	11	27	24	3	26	25	
26	5	13	19	29	7	9	19	26	4	16	26	13	2	9	19	27	10	26	12	16	
27	5	18	7	5	7	9	21	28	10	26	12	6	18	16	6	25	8	5	19	8	
28	8	21	15	6	9	15	27	9	14	16	9	13	3	24	14	16	20	21	20	27	
29	20	25	8	28	11	4	7	19	18	3	2	27	4	9	12	6	22	7	6	20	
30	4	28	21	25	9	3	26	7	16	14	8	14	21	18	27	13	23	4	5	30	
31	26	2	30	18	6	24	9	15	18	10	10	13	30	22	19	25	14	3	11	26	
32	29	23	22	10	22	11	25	26	13	25	23	29	7	4	6	7	16	18	3	27	
33	28	7	27	14	13	14	28	10	12	22	4	9	27	17	13	24	30	4	15	27	
34	13	5	23	13	6	21	10	4	3	24	17	13	7	6	11	16	3	14	15	11	
35	29	20	23	8	30	19	27	17	26	18	21	28	7	8	22	27	22	23	26	28	
36	22	9	25	12	13	7	5	6	26	5	4	21	9	19	16	19	13	25	7	3	
37	16	5	18	15	23	20	15	2	10	27	5	26	5	8	10	4	15	25	5	19	
38	29	5	24	8	21	13	10	13	10	2	21	24	10	7	19	7	11	8	3	26	
39	6	28	5	13	21	23	23	19	27	10	19	24	29	21	7	29	14	21	10	16	
40	29	19	10	17	2	8	28	22	29	23	16	5	16	26	10	17	21	5	4	19	
41	8	10	18	15	6	22	17	9	25	22	29	13	10	17	19	11	11	9	10	14	
42	15	20	6	3	7	2	26	25	27	29	9	3	12	28	8	28	28	17	8	26	
43	19	22	3	26	7	27	25	3	16	22	3	29	30	3	3	27	18	9	12	13	
44	26	27	13	22	13	7	20	4	17	19	10	14	12	18	16	23	6	2	18	11	
45	22	10	5	23	27	20	26	4	11	23	24	8	30	30	2	27	27	24	5	23	
46	26	25	5	26	7	13	13	21	26	18	3	18	2	7	20	2	10	14	7	11	
47	25	10	22	14	2	2	29	20	17	20	17	10	7	16	26	30	9	7	24	25	
48	18	30	17	3	13	12	12	5	18	10	16	10	8	23	5	29	28	11	5	13	
49	27	19	8	15	7	4	23	6	13	17	3	10	16	9	10	19	18	12	20	27	
50	28	24	23	24	17	25	15	13	13	30	25	27	24	4	29	2	28	29	3	8	
51	23	12	25	6	4	6	16	26	21	2	21	26	13	20	26	4	29	22	30	5	
52	8	12	6	9	20	18	14	21	3	14	24	12	4	5	9	3	29	15	18	24	
53	21	16	16	3	27	13	30	6	27	16	26	26	7	27	25	8	10	17	20	26	
54	26	9	4	12	30	12	18	26	22	6	2	9	27	11	14	30	25	9	3	15	
55	3	22	2	8	22	9	24	11	2	10	9	17	29	22	4	21	26	20	21	8	
56	18	27	8	7	17	23	20	26	23	17	18	23	4	29	24	14	16	14	22	12	
57	30	27	3	2	17	10	19	13	9	20	15	13	13	5	5	26	14	13	6	8	
58	23	21	20	20	12	22	25	21	19	23	21	15	4	25	16	13	27	29	11	7	
59	10	20	3	15	16	5	21	13	28	18	23	5	24	27	22	6	19	23	26	12	
60	9	11	29	3	27	30	17	24	25	8	28	24	8	16	6	13	21	25	21	26	
61	10	10	7	7	2	10	15	8	23	16	27	19	11	28	29	20	6	20	4	12	
62	30	26	29	17	14	16	10	27	2	8	21	8	24	25	28	4	22	21	14	27	
63	12	2	14	24	9	2	30	3	13	26	25	27	27	16	16	12	30	3	14	6	
64	19	10	19	30	20	17	12	2	30	28	24	6	5	10	18	24	28	7	11	28	
65	11	9	16	2	28	14	12	10	3	12	29	11	3	2	21	16	14	6	16	29	
66	17	4	8	10	30	2	12	30	10	8	27	16	23	18	6	13	19	13	8	26	
67	19	9	10	10	15	28	25	5	27	24	17	28	7	10	16	15	17	23	13	22	
68	9	22	9	18	11	26	27	27	30	22	22	7	27	17	21	5	26	28	19	10	
69	23	24	20	7	7	20	2	15	3	5	15	6	3	29	25	8	10	30	9	14	
70	9	10	21	22	10	18	12	4	3	8	16	18	26	2	23	7	22	14	19	2	
71	5	5	30	20	2	15	11	14	13	10	20	11	11	5	15	29	27	12	30	3	
72	2	25	29	11	23	23	28	11	21	9	27	15	5	13	15	17	19	15	25	24	
73	28	9	8	5	20	7	30	19	9	21	29	7	12	8	17	13	4	10	2	24	
74	26	14	4	14	27	26	25	7	29	4	19	9	24	3	9	16	4	13	15	22	
75	2	22	20	9	20	27	11	30	14	25	16	6	6	13	12	20	19	28	24	16	
76	23	11	5	8	22	9	9	29	25	21	29	24	17	18	28	14	4	6	16	23	
77	3	4	27	8	24	20	16	2	30	21	29	13	14	27	15	11	24	14	27	13	
78	11	28	28	6	25	22	10	23	10	29	23	23	4	19	18	21	4	20	28	23	
79	11	21	14	22	28	22	6	2	13	30	26	14	7	12	4	25	10	30	19	19	
80	8	15	11	30	28	19	16	4	23	9	19	16	6	28	18	21	30	6	20	8	
81	25	27	20	6	14	2	22	30	23	11	28	29	4	16	15	6	25	8	22	25	
82	12	9	27	27	16	30	22	28	12	16	29	15	30	14	21	6	17	13	9	7	
83	26	8	2	5	11	27	6	16	16	27	23	9	2	19	26	26	2	7	29	4	
84	28	28	22	23	23	10	17	30	3	15	22	9	19	21	25	17	27	26	7	8	
85	26	25	2	19	24	2	5	29	29	20	14	5	15	2	14	17	19	3	2	26	
86	13	2	22	9	6	28	28	23	23	29	11	2	15	2	22	14	29	9	23	11	
87	19	8	16	17	19	3	4	30	6	24	22	29	17	23	18	11	21	20	23	27	
88	9	30	23	10	19	11	15	16	27	20	6	19	16	2	25	29	10	14	20	16	
89	5	13	27	27	24	5	7	21	2	4	20	29	6	25	12	30	9	25	22	27	
90	15	2	23	26	9	15	19	10	13	28	30	11	30	24	18	8	14	28	10	9	
91	29	22	25	22	19	4	9	10	16	9	11	9	11	21	11	12	21	29	11	2	
92	17	26	30	12	12	23	21	6	3	4	12	27	10	11	27	2	24	19	25	18	
93	28	6	17	4	30	16	8	24	14	17	20	25	3	19	26	13	17	12	2	15	
94	9	5	3	22	18	15	24	11	28	16	4	7	12	2	19	20	26	21	13	18	
95	7	15	22	6	25	5	20	14	24	24	20	22	23	20	5	21	18	23	17	22	
96	25	22	15	8	2	5	6	22	7	8	9	26	18	4	12	3	27	6	14	8	
97	18	24	18	10	21	17	10	7	16	17	20	12	14	19	5	21	25	28	4	7	
98	9	9	8	28	14	22	21	28	4	6	8	25	20	21	6	24	10	26	19	9	
99	5	8	6	15	4	12	8	26	12	29	3	25	17	30	15	24	5	26	17	3	
100	13	20	20	24	30	29	17	23	6	27	20	22	23	13	2	3	7	13	20	20	

[*,*,10]: 1	2	3	4	5	6	7	8	9	10	11	12	13	14	15	16	17	18	19	20:=
1	30	7	3	25	12	21	15	7	15	17	26	3	15	25	5	24	14	14	2	24	
2	4	25	9	25	22	15	27	10	24	17	11	14	7	20	29	9	13	25	6	11	
3	25	23	14	10	10	13	19	17	9	18	29	19	27	7	28	5	8	11	22	30	
4	24	24	23	15	29	22	6	23	15	6	28	6	16	20	29	19	17	14	22	27	
5	29	22	4	12	27	22	14	2	18	5	27	22	11	29	26	9	28	13	26	16	
6	10	25	4	26	17	6	2	15	20	5	17	7	26	7	16	4	29	13	22	22	
7	10	9	24	27	29	17	25	11	13	25	18	13	18	24	18	3	16	16	16	21	
8	25	11	24	8	14	27	29	18	7	12	11	7	8	5	2	5	27	29	11	27	
9	8	19	9	14	16	2	20	23	22	15	3	10	20	5	11	4	27	29	9	6	
10	27	7	13	14	16	13	7	8	20	17	18	4	16	3	3	21	24	18	13	8	
11	13	26	20	24	21	20	28	29	11	6	7	11	5	2	16	13	4	4	20	25	
12	3	5	17	26	21	14	4	26	6	21	19	29	6	28	30	11	27	19	12	5	
13	16	6	24	22	29	16	7	27	24	20	7	24	29	20	16	29	24	12	6	17	
14	11	25	4	13	28	3	15	29	19	3	28	18	30	30	6	5	11	5	3	2	
15	14	22	5	12	17	29	21	24	21	21	30	8	12	8	27	16	5	21	20	29	
16	25	14	24	21	30	12	23	25	5	21	9	12	9	11	12	20	8	6	8	30	
17	3	5	3	2	22	24	13	8	15	11	25	2	19	26	11	15	16	16	26	18	
18	11	14	26	5	15	29	5	4	23	14	7	23	16	26	10	10	16	7	22	30	
19	8	20	16	30	19	9	28	17	8	2	5	10	15	14	11	13	6	25	20	16	
20	28	14	14	6	7	4	15	17	3	27	29	19	21	13	7	18	16	13	5	23	
21	24	19	5	22	26	30	25	11	6	23	18	3	25	15	16	27	25	15	12	23	
22	28	15	2	22	7	17	29	3	19	7	28	7	21	18	23	15	17	24	10	6	
23	24	29	4	21	26	19	28	28	13	12	26	14	26	22	22	30	8	23	6	20	
24	27	20	27	3	10	16	15	13	3	11	22	23	30	25	22	3	17	13	3	24	
25	12	12	17	8	4	7	14	4	14	3	19	3	19	26	30	6	11	19	25	18	
26	18	12	29	12	20	25	8	29	7	19	19	8	8	3	10	16	7	15	6	19	
27	20	16	26	9	3	17	30	2	23	3	8	28	16	5	13	30	16	5	12	13	
28	15	14	27	21	27	29	24	10	8	14	30	17	23	2	28	11	25	5	21	15	
29	18	18	19	3	14	19	27	17	6	27	10	10	19	17	6	25	26	25	21	8	
30	18	25	22	6	9	21	12	5	6	2	12	22	28	13	7	27	26	20	15	26	
31	21	19	14	26	21	24	13	21	30	17	11	22	11	16	4	11	25	18	23	13	
32	9	30	12	25	4	6	26	12	24	8	5	3	2	12	2	5	25	6	13	8	
33	23	2	11	2	11	27	6	11	25	5	14	9	23	29	21	24	26	20	15	21	
34	5	6	11	17	19	6	9	9	23	12	4	18	26	5	22	14	6	17	9	25	
35	24	25	13	2	21	9	12	14	28	6	14	3	23	22	9	8	22	20	22	25	
36	25	25	17	9	13	2	30	24	18	26	22	11	5	20	9	14	15	26	29	11	
37	15	15	11	6	29	12	30	11	23	9	12	22	25	10	14	16	16	25	13	21	
38	21	15	19	10	22	24	29	19	13	22	19	17	13	15	3	15	23	29	13	9	
39	11	18	19	2	19	27	11	23	30	24	30	4	25	21	6	13	28	25	2	12	
40	20	21	8	25	5	15	6	14	11	12	30	13	20	15	15	13	2	10	6	3	
41	17	16	5	18	23	10	4	28	5	28	17	12	30	4	17	4	7	28	8	10	
42	15	4	10	5	3	11	21	28	23	22	11	6	11	29	20	18	17	17	25	25	
43	17	2	21	30	16	9	14	27	22	21	14	28	29	14	4	24	16	3	23	4	
44	6	22	2	10	28	6	23	11	26	22	30	23	23	24	30	5	23	2	13	4	
45	23	8	19	27	18	12	15	6	18	25	8	5	5	30	25	19	16	16	8	7	
46	12	9	22	30	18	15	10	26	6	30	22	6	13	26	11	14	13	26	30	29	
47	17	7	24	11	28	6	7	23	4	30	19	11	4	10	12	24	17	23	24	15	
48	24	26	23	13	18	23	9	4	19	30	8	24	17	17	30	14	29	5	22	30	
49	22	27	5	5	18	19	14	6	8	15	26	3	13	26	12	22	30	21	7	29	
50	11	19	9	19	23	14	9	16	17	6	26	2	11	30	13	17	19	4	23	4	
51	3	27	26	3	28	10	20	10	5	27	4	18	23	8	28	16	14	25	3	9	
52	9	20	20	16	21	13	9	17	4	29	6	8	13	4	11	12	12	16	4	8	
53	15	15	12	27	25	22	20	14	13	27	25	17	10	5	28	12	28	5	5	28	
54	4	18	6	19	20	24	6	21	11	5	13	27	18	17	22	4	24	19	7	22	
55	30	23	29	30	7	3	6	17	8	10	14	4	27	24	4	18	27	23	7	25	
56	8	21	15	11	21	29	9	8	6	6	3	24	7	21	8	30	13	11	30	17	
57	19	19	21	2	16	29	30	4	7	26	9	4	30	23	10	5	28	14	22	4	
58	6	25	20	5	7	17	2	11	20	15	28	24	15	17	21	2	9	27	4	9	
59	10	25	13	26	28	3	12	7	17	23	3	13	18	5	19	4	10	21	5	7	
60	14	19	8	14	21	15	26	10	9	30	14	30	6	15	29	30	24	26	28	16	
61	11	2	28	10	16	12	22	23	24	4	17	6	2	21	10	5	3	17	24	16	
62	6	6	16	7	21	30	11	26	20	27	4	22	23	19	15	4	26	14	29	6	
63	24	26	3	13	27	7	22	11	4	4	4	22	16	23	30	18	29	16	23	12	
64	24	13	28	3	20	30	26	3	28	4	24	12	8	27	6	28	9	28	27	5	
65	20	23	9	10	20	10	26	23	14	18	11	30	23	8	12	21	10	27	12	8	
66	28	18	10	17	11	18	18	11	8	25	27	30	7	28	23	27	3	26	19	21	
67	3	29	11	18	24	15	11	28	26	25	19	14	6	30	26	7	10	20	8	12	
68	12	4	14	30	29	27	23	11	10	11	3	11	3	11	11	26	24	28	10	14	
69	14	20	3	10	28	23	11	14	20	14	8	20	21	11	26	5	9	14	10	11	
70	24	29	20	22	25	26	12	26	13	14	19	21	18	19	8	14	6	10	26	28	
71	21	27	10	15	22	12	10	5	2	23	3	10	19	13	19	19	3	20	6	29	
72	28	5	6	2	8	27	24	2	18	15	19	7	7	19	17	13	14	15	27	9	
73	13	20	11	23	21	22	27	13	11	28	26	21	23	12	16	4	8	21	24	13	
74	17	7	26	18	15	23	17	20	24	27	25	7	9	10	18	16	17	15	14	19	
75	20	22	6	21	21	5	13	22	22	25	18	12	27	7	27	17	14	6	18	12	
76	21	11	19	21	28	3	26	28	25	15	24	16	28	23	25	3	18	21	12	26	
77	7	6	7	10	2	17	25	20	30	25	25	26	18	3	10	23	28	22	29	5	
78	5	9	3	17	7	14	30	15	29	8	14	3	19	23	29	26	21	12	15	4	
79	25	14	22	18	2	6	20	7	19	5	13	14	9	20	5	13	18	26	14	26	
80	21	9	7	25	9	14	7	8	14	19	26	20	23	19	5	6	8	6	9	11	
81	9	22	5	28	20	25	26	16	27	2	28	8	16	10	27	10	30	12	30	29	
82	2	28	9	27	7	10	11	2	19	19	7	5	26	29	28	14	26	6	7	17	
83	15	12	18	4	5	23	2	8	21	15	25	2	3	19	8	21	17	30	5	7	
84	16	30	20	22	7	29	13	16	30	7	20	16	29	21	12	7	4	20	5	18	
85	6	6	25	14	11	26	26	6	26	30	25	2	11	22	20	15	14	11	18	26	
86	26	11	2	7	22	16	21	20	30	11	23	26	20	12	25	24	12	16	4	11	
87	4	25	30	20	6	21	8	15	23	10	12	14	20	27	28	22	12	24	12	22	
88	20	6	19	26	26	19	17	11	3	29	10	15	28	4	26	20	16	23	6	5	
89	10	16	23	21	15	2	26	24	8	4	3	3	4	10	4	19	30	9	21	18	
90	25	9	3	19	8	6	28	11	27	23	30	26	5	23	23	10	13	24	8	16	
91	25	23	30	18	26	30	13	5	4	7	16	8	12	27	21	29	26	23	26	11	
92	14	30	9	19	3	30	8	22	12	20	11	9	18	23	4	9	13	9	15	12	
93	20	30	25	5	18	27	17	19	2	3	26	13	29	14	9	23	22	28	15	18	
94	27	25	6	26	16	29	6	8	5	4	26	29	19	8	18	23	24	21	26	25	
95	23	22	24	13	15	21	19	26	3	11	4	6	24	18	4	27	6	19	24	22	
96	7	18	24	9	8	16	29	29	7	20	21	22	22	24	7	8	15	27	10	24	
97	26	26	26	5	25	8	25	29	24	2	6	21	29	3	5	23	24	18	8	29	
98	27	22	27	3	11	10	12	30	10	20	6	20	15	17	19	5	23	25	21	30	
99	28	7	7	16	25	27	29	30	2	24	24	25	10	14	22	16	5	11	4	4	
100	6	10	16	6	11	21	12	14	2	14	17	27	17	22	13	5	30	21	26	27	
;

end;

