
set I:= 1	2	3	4	5	6	7	8	9	10	11	12	13	14	15	16	17	18	19	20	21	22	23	24	25	26	27	28	29	30	31	32	33	34	35	36	37	38	39	40	41	42	43	44	45	46	47	48	49	50	51	52	53	54	55	56	57	58	59	60	61	62	63	64	65	66	67	68	69	70	71	72	73	74	75	76	77	78	79	80	81	82	83	84	85	86	87	88	89	90	91	92	93	94	95	96	97	98	99	100	;

set J:= 1	2	3	4	5	6	7	8	9	10	11	12	13	14	15	16	17	18	19	20	;

set W:= 1	2	3	4	5	6	7	8	9	10	;

param PI:=
1	0.020880
2	0.042222
3	0.053709
4	0.080974
5	0.048649
6	0.041780
7	0.026637
8	0.078774
9	0.031859
10	0.574516
;

param F:=
1	52
2	93
3	81
4	58
5	101
6	60
7	108
8	110
9	90
10	76
11	71
12	122
13	101
14	133
15	131
16	56
17	87
18	140
19	139
20	132
;


param D: 1	2	3	4	5	6	7	8	9	10:=
1	146	206	152	211	104	134	126	127	137	129	
2	128	195	155	129	95	165	114	105	126	141	
3	166	189	127	138	91	140	77	148	215	184	
4	163	151	169	142	181	162	174	87	112	138	
5	171	180	215	76	176	102	128	102	78	199	
6	152	157	161	171	111	165	146	145	203	199	
7	127	100	178	169	203	69	142	207	159	187	
8	235	97	156	164	176	139	178	178	166	38	
9	125	96	128	212	119	155	173	180	111	159	
10	150	220	213	132	142	142	155	130	124	81	
11	183	207	118	147	96	137	134	129	155	116	
12	133	180	100	137	191	237	177	146	175	210	
13	176	137	127	151	204	143	123	125	206	89	
14	144	148	135	104	97	117	107	233	119	195	
15	189	207	154	130	160	103	161	166	138	229	
16	154	114	174	150	127	189	127	123	210	122	
17	192	77	101	192	141	126	155	135	125	225	
18	165	146	125	111	139	187	140	78	164	194	
19	100	153	151	162	179	104	144	165	140	169	
20	185	132	197	154	161	165	104	139	71	140	
21	181	167	104	178	128	92	128	131	125	177	
22	163	160	142	171	122	156	187	209	112	164	
23	175	118	151	159	207	197	151	127	180	157	
24	179	64	62	127	201	72	147	149	196	177	
25	142	158	93	192	107	121	186	148	126	147	
26	188	181	150	189	140	94	159	172	175	151	
27	136	195	153	96	158	124	120	200	216	143	
28	143	159	121	154	120	181	101	167	82	129	
29	110	131	51	141	170	164	101	178	124	185	
30	178	166	108	150	161	171	195	160	172	156	
31	107	148	148	169	193	152	124	130	162	86	
32	207	185	86	192	177	79	93	191	89	143	
33	120	262	165	199	212	166	117	149	173	135	
34	164	215	118	191	236	168	139	187	76	48	
35	158	232	168	128	181	159	169	151	138	168	
36	141	192	201	192	155	151	119	134	93	160	
37	172	159	144	130	212	201	153	118	124	104	
38	186	151	213	124	193	229	122	109	154	76	
39	125	127	107	185	131	156	129	156	184	179	
40	148	155	185	173	144	143	141	201	173	200	
41	115	169	158	155	151	186	167	122	149	178	
42	113	187	106	96	152	184	177	166	150	228	
43	197	148	174	51	147	122	74	156	164	106	
44	153	66	147	111	150	155	118	163	118	164	
45	186	193	137	108	119	174	153	91	135	176	
46	191	152	154	200	206	142	155	175	155	75	
47	141	126	150	136	151	84	159	89	208	92	
48	125	171	179	169	217	158	161	201	149	157	
49	152	179	106	222	126	112	127	151	158	151	
50	131	148	151	115	147	196	164	147	130	150	
51	129	196	102	167	170	85	146	188	157	213	
52	79	140	144	95	155	156	110	142	128	144	
53	236	181	166	120	166	147	184	165	123	198	
54	138	171	135	98	150	139	146	136	156	190	
55	131	194	129	133	155	210	129	154	126	191	
56	143	147	201	150	110	142	145	134	113	159	
57	185	176	145	153	189	157	88	162	176	91	
58	141	163	148	192	135	190	163	151	139	139	
59	148	109	140	68	189	122	250	174	136	165	
60	114	253	165	186	169	113	191	137	132	141	
61	151	165	133	150	119	201	175	167	133	111	
62	146	138	160	163	134	111	236	233	83	185	
63	155	178	214	113	129	152	174	178	138	127	
64	171	219	72	142	187	163	146	147	193	145	
65	97	131	162	177	124	174	225	171	154	150	
66	205	166	106	141	185	113	103	157	195	180	
67	106	131	157	147	107	171	160	151	143	125	
68	104	127	206	105	134	153	107	119	153	154	
69	122	151	123	142	110	148	193	174	137	143	
70	130	87	197	157	146	175	154	142	173	154	
71	130	203	153	123	180	216	162	121	206	186	
72	156	70	131	159	96	172	186	161	170	134	
73	170	143	143	128	103	157	181	88	122	210	
74	174	159	214	150	155	148	162	113	160	162	
75	85	251	141	173	173	191	186	121	175	170	
76	212	166	149	126	137	125	117	191	113	140	
77	184	194	176	92	151	143	146	86	161	167	
78	138	157	147	160	150	90	130	185	136	158	
79	191	216	229	180	87	159	178	147	164	177	
80	177	113	174	150	120	169	138	182	142	122	
81	160	195	174	156	169	131	218	122	121	170	
82	159	169	156	192	134	166	217	139	184	107	
83	108	157	124	182	117	163	176	114	138	140	
84	135	167	156	179	134	116	148	126	161	159	
85	89	171	162	108	131	199	200	179	136	83	
86	212	184	205	158	134	153	198	111	110	213	
87	100	145	126	158	160	194	97	141	184	180	
88	204	113	133	128	201	112	119	190	178	98	
89	82	131	136	164	164	199	191	160	163	144	
90	180	111	140	166	172	152	161	113	175	157	
91	204	138	190	125	148	191	199	118	170	112	
92	148	122	214	177	163	163	163	159	193	147	
93	208	134	197	134	159	191	188	182	150	174	
94	164	171	184	151	114	139	144	186	151	167	
95	122	117	164	159	177	93	153	158	143	153	
96	192	171	171	147	198	208	143	140	182	147	
97	122	155	143	191	92	121	164	159	173	151	
98	174	122	166	182	134	232	117	115	181	194	
99	149	156	117	115	213	125	168	103	110	131	
100	153	103	142	157	167	172	170	153	157	166	
;


param C
[*,*,1]: 1	2	3	4	5	6	7	8	9	10	11	12	13	14	15	16	17	18	19	20:=
1	271	275	254	166	125	144	160	236	233	219	120	149	174	111	174	208	149	129	113	59	
2	51	61	113	235	204	56	265	155	147	259	195	197	82	277	187	166	299	263	72	62	
3	300	135	279	182	225	223	278	158	64	254	56	68	250	223	191	104	66	284	294	80	
4	294	222	240	211	262	123	216	268	259	88	129	68	114	233	300	187	262	293	226	268	
5	165	268	138	208	150	239	297	72	258	297	233	206	153	136	130	132	66	180	59	164	
6	100	121	59	236	192	298	68	239	160	257	200	61	69	190	233	61	64	175	85	105	
7	179	58	107	78	192	210	198	172	270	259	282	250	52	236	146	206	270	257	231	284	
8	209	115	176	207	244	209	212	232	197	219	170	243	264	91	206	62	292	291	173	259	
9	299	181	278	167	81	233	197	102	103	75	192	251	197	201	281	81	244	206	160	170	
10	76	133	108	64	275	153	129	220	143	145	216	230	108	203	169	113	279	185	125	148	
11	115	201	219	72	184	115	114	256	285	179	171	132	143	52	290	90	200	78	165	146	
12	137	291	133	147	145	269	191	211	142	109	272	121	197	192	295	93	299	75	52	197	
13	134	128	164	133	201	240	166	61	254	224	110	287	110	222	110	173	60	268	175	284	
14	135	83	63	129	70	51	106	61	244	277	115	97	250	246	54	292	126	203	89	242	
15	177	52	65	218	224	241	237	156	115	81	200	273	264	111	265	257	122	150	121	283	
16	265	248	98	133	142	189	196	224	186	81	185	91	128	265	193	76	111	242	233	178	
17	57	64	62	219	276	218	263	172	132	221	141	187	87	79	288	67	264	278	218	177	
18	191	258	242	289	132	226	170	144	106	188	193	147	286	82	78	99	295	92	83	160	
19	89	88	51	97	101	280	215	126	250	275	153	171	55	127	114	276	165	89	255	216	
20	254	57	100	282	151	159	223	139	281	206	203	294	73	90	224	78	151	94	177	160	
21	168	194	164	58	53	118	253	97	163	217	240	229	228	131	164	270	256	178	253	163	
22	157	198	163	272	108	277	281	98	186	125	195	239	219	162	160	116	164	253	296	119	
23	132	174	145	239	173	288	280	282	146	187	228	87	100	58	210	150	141	212	111	211	
24	170	218	276	138	219	137	165	182	130	215	64	91	244	87	151	114	295	169	250	69	
25	103	253	248	142	249	85	122	76	298	153	114	97	51	249	256	216	234	216	62	93	
26	97	135	239	299	201	258	237	93	169	243	227	225	187	200	169	228	93	54	203	134	
27	96	262	254	296	242	196	94	147	287	271	151	57	190	268	223	216	75	211	93	242	
28	176	272	235	136	92	203	228	134	274	169	297	148	101	181	264	125	205	109	255	54	
29	214	104	133	114	213	54	210	120	226	169	155	160	259	193	185	204	228	255	255	272	
30	230	181	95	198	94	183	261	106	80	224	66	118	275	300	124	234	95	60	249	192	
31	85	300	92	270	266	214	103	139	227	268	164	98	257	109	68	142	235	247	213	242	
32	84	198	215	56	252	145	139	218	93	56	238	62	110	73	262	157	152	196	286	123	
33	170	187	201	272	270	63	205	221	218	61	71	92	151	180	267	216	195	233	61	123	
34	79	199	212	272	64	296	272	180	175	232	232	107	224	110	227	173	202	152	70	281	
35	298	60	210	140	91	277	98	61	229	168	127	128	234	136	211	179	74	154	65	212	
36	296	114	287	272	148	130	58	254	265	261	265	100	144	144	81	74	262	200	212	292	
37	113	136	86	227	249	223	291	196	228	92	137	138	269	140	233	259	157	75	88	227	
38	86	114	258	145	234	186	145	249	284	59	116	78	182	186	87	114	183	230	99	89	
39	203	186	102	164	242	284	103	135	235	242	284	286	153	202	113	90	154	298	228	55	
40	160	194	231	182	242	277	273	60	201	80	148	296	275	124	82	234	62	163	167	73	
41	282	88	299	244	114	148	266	97	150	161	166	260	240	203	161	162	100	264	196	152	
42	102	145	278	211	204	107	251	90	245	269	253	252	286	246	139	179	199	55	239	140	
43	94	161	209	155	108	168	126	202	133	196	283	290	167	184	138	203	63	283	216	282	
44	296	226	243	152	233	162	151	96	273	280	220	124	292	186	252	73	297	283	236	130	
45	76	67	79	133	153	199	97	153	298	262	163	172	82	247	274	108	139	238	258	140	
46	127	297	173	252	219	186	75	288	277	104	206	183	249	177	66	77	274	292	167	287	
47	73	272	198	268	92	130	80	181	278	147	265	179	208	84	298	180	84	89	266	269	
48	56	238	231	248	149	126	138	256	52	261	120	78	128	232	204	282	191	201	209	179	
49	297	200	235	116	194	160	223	100	163	88	85	126	246	64	289	111	160	76	237	145	
50	156	272	93	90	190	175	103	211	211	96	261	199	65	279	293	172	266	141	101	151	
51	132	280	186	294	177	79	116	94	294	224	189	295	299	193	217	89	229	164	96	184	
52	272	141	198	299	295	159	121	59	134	91	262	85	239	281	144	196	203	66	263	258	
53	272	122	71	60	188	133	203	165	94	227	300	290	216	67	88	67	53	238	252	184	
54	88	254	141	86	129	89	277	174	243	298	125	181	231	71	172	277	225	84	114	115	
55	278	249	93	294	291	162	254	259	145	150	69	175	251	219	264	99	234	76	62	295	
56	216	164	236	230	181	66	116	209	73	80	252	186	289	199	107	115	180	205	129	221	
57	190	142	88	247	221	196	211	86	272	285	225	57	295	58	116	167	249	104	128	274	
58	125	237	257	208	199	186	137	297	128	229	270	196	100	188	103	218	90	106	300	161	
59	181	298	200	223	216	151	209	105	211	188	163	135	220	58	52	189	63	66	130	297	
60	95	163	80	64	185	118	60	150	164	151	278	234	288	219	252	96	285	121	220	51	
61	129	73	167	224	151	99	56	259	150	157	298	195	195	265	190	131	257	191	223	135	
62	235	108	52	220	170	134	256	86	146	187	99	122	156	97	293	253	116	214	118	101	
63	91	59	51	132	217	151	103	291	69	79	180	185	213	165	141	241	210	83	55	143	
64	98	167	246	135	78	51	150	83	235	177	60	198	190	120	271	90	66	81	186	291	
65	278	211	135	292	74	178	300	81	269	74	256	205	145	243	122	110	51	154	165	196	
66	93	272	84	179	157	95	251	155	163	222	122	126	128	269	298	211	119	175	279	281	
67	58	198	267	72	109	187	150	174	209	219	121	140	118	300	53	241	136	224	203	241	
68	143	219	233	102	190	249	68	204	119	174	98	67	212	103	269	227	263	187	289	88	
69	125	212	139	133	86	131	149	217	185	57	187	241	175	249	62	285	243	113	227	166	
70	80	62	252	291	211	176	262	292	263	189	112	230	134	203	226	107	141	75	271	230	
71	145	122	106	163	157	138	223	218	58	246	179	127	87	165	179	207	141	300	66	86	
72	128	208	132	261	155	247	149	256	67	260	145	294	95	73	98	214	213	245	271	178	
73	198	69	245	238	275	224	234	168	165	201	285	201	229	120	102	194	101	64	298	166	
74	150	57	70	84	278	243	98	76	214	189	296	266	89	75	123	240	146	202	178	252	
75	72	92	166	292	289	216	199	274	268	236	162	284	103	257	68	174	64	111	125	56	
76	56	116	100	144	121	150	236	57	151	93	107	230	256	84	103	230	193	65	161	74	
77	55	184	164	269	218	169	119	71	131	186	266	223	269	60	138	171	108	265	113	220	
78	164	55	224	255	239	165	174	282	191	202	149	215	89	245	140	94	265	156	137	102	
79	89	277	139	248	133	113	181	298	55	297	161	122	116	167	76	150	72	180	217	262	
80	152	245	57	70	111	260	218	204	260	294	100	259	79	107	120	122	249	294	299	206	
81	137	185	199	262	199	124	266	182	239	205	274	65	60	295	121	222	157	266	60	279	
82	207	182	128	253	79	289	133	230	53	75	249	207	57	236	121	250	147	143	281	167	
83	170	174	239	155	207	299	221	103	268	172	290	187	164	51	201	112	58	128	62	178	
84	273	267	112	116	168	164	263	287	168	273	294	191	116	135	183	294	255	129	56	76	
85	177	122	250	71	151	300	121	173	87	160	102	73	177	149	229	266	201	225	146	213	
86	228	299	247	53	163	61	281	282	224	249	274	209	185	100	185	268	210	104	252	210	
87	67	89	237	257	237	182	93	79	173	74	249	300	124	251	138	149	244	263	294	56	
88	107	59	165	259	148	225	100	211	87	163	148	87	263	159	96	255	56	106	238	78	
89	179	287	78	146	243	96	266	96	176	220	284	145	69	296	136	269	299	155	256	253	
90	271	155	60	249	153	160	281	249	239	229	244	139	225	265	284	115	85	257	124	99	
91	90	133	52	284	211	239	70	224	222	139	69	175	63	209	206	155	89	79	73	293	
92	66	280	259	180	53	124	135	79	55	108	96	180	56	99	288	105	51	259	74	85	
93	276	216	96	80	80	287	137	296	218	211	61	290	291	79	224	170	149	207	265	216	
94	154	102	225	118	184	116	204	209	200	258	53	229	98	124	105	228	227	140	138	268	
95	242	149	106	294	289	53	63	281	277	102	194	255	253	279	274	191	138	246	173	139	
96	103	170	93	86	183	287	274	62	120	94	168	76	122	236	211	97	56	96	112	135	
97	128	150	208	242	234	268	254	183	79	75	129	129	263	159	278	192	63	60	208	59	
98	98	163	197	53	222	276	197	250	246	193	83	112	291	221	150	149	177	280	291	101	
99	136	96	136	280	256	200	134	274	181	218	109	54	84	131	159	76	256	253	289	255	
100	294	113	96	133	202	69	290	238	208	271	233	209	93	201	292	250	241	255	92	101	

[*,*,2]: 1	2	3	4	5	6	7	8	9	10	11	12	13	14	15	16	17	18	19	20:=
1	266	147	293	75	260	228	257	62	166	110	139	76	251	57	259	155	268	58	67	148	
2	223	243	261	171	61	100	257	221	234	156	155	280	106	90	60	151	80	284	142	281	
3	56	186	104	110	292	104	220	145	183	212	61	289	245	290	274	156	89	287	94	280	
4	165	204	298	207	63	154	185	149	280	179	289	249	68	130	240	252	61	103	128	161	
5	109	57	281	280	114	104	64	259	97	285	192	153	77	131	166	104	274	131	250	185	
6	58	190	203	51	186	182	79	288	158	291	179	191	291	102	245	91	124	140	287	253	
7	213	273	161	157	97	80	243	182	77	180	261	257	183	284	278	198	296	293	86	124	
8	131	208	221	111	241	212	289	174	133	259	222	250	125	88	128	254	133	64	143	240	
9	252	253	89	165	209	202	179	177	138	198	124	284	110	257	183	74	56	213	108	104	
10	108	189	209	246	230	126	249	293	132	277	62	165	265	98	267	140	80	80	120	190	
11	267	248	100	293	273	283	279	190	299	137	133	92	96	184	120	110	254	94	255	142	
12	67	107	265	126	189	272	103	232	106	240	272	236	89	291	172	92	268	259	171	193	
13	299	296	211	118	185	123	213	63	59	153	232	179	201	244	102	120	174	117	233	67	
14	72	283	185	162	160	263	261	111	203	138	216	92	181	136	120	65	104	163	68	224	
15	124	263	119	262	261	296	55	187	278	170	132	286	281	282	194	212	213	169	72	52	
16	54	153	109	265	198	141	163	145	279	277	232	203	64	52	261	228	247	189	104	234	
17	77	178	148	206	291	184	290	231	227	158	216	188	226	51	140	62	242	271	221	144	
18	87	297	109	226	237	133	264	298	148	83	103	251	209	262	149	216	237	67	134	113	
19	71	149	91	167	260	58	129	102	233	299	76	170	111	112	169	102	173	113	155	82	
20	205	172	58	195	295	273	262	173	274	237	175	79	89	68	203	128	129	292	116	275	
21	56	86	101	259	279	169	224	82	164	244	226	104	78	203	187	214	233	204	242	259	
22	219	117	160	263	128	242	77	264	63	185	53	227	103	223	183	288	171	185	286	244	
23	184	118	274	118	91	184	160	128	127	134	143	147	100	285	100	246	61	232	199	218	
24	51	173	210	102	139	195	199	207	196	292	219	261	242	120	286	282	243	132	225	110	
25	254	153	108	72	172	100	265	285	68	248	133	55	66	54	245	268	107	113	83	80	
26	178	185	51	254	288	225	206	291	63	253	262	119	205	236	206	167	170	283	299	217	
27	62	211	86	61	56	276	128	174	146	218	241	109	272	147	284	300	114	113	262	246	
28	243	84	170	266	121	249	61	245	286	231	120	294	285	53	84	176	155	191	187	255	
29	89	295	110	227	157	232	165	103	178	184	295	121	68	65	199	114	129	81	296	53	
30	81	160	117	83	186	211	231	137	147	81	143	208	245	258	52	92	296	55	277	56	
31	77	261	118	52	86	187	51	155	283	284	159	55	150	114	207	206	168	54	245	202	
32	88	166	290	115	223	100	178	285	195	233	294	180	71	101	67	150	91	124	99	184	
33	177	106	282	256	194	182	204	271	202	84	295	90	283	196	187	113	213	282	64	196	
34	230	63	52	223	300	144	242	246	291	262	55	275	107	268	97	257	73	132	170	265	
35	99	137	289	190	257	288	153	110	284	66	114	205	124	245	202	194	248	277	156	131	
36	162	179	191	250	153	159	223	142	268	288	300	198	190	115	289	169	212	262	76	298	
37	142	74	271	230	70	76	130	253	232	187	167	192	228	199	114	65	142	250	208	112	
38	152	91	198	53	52	218	275	111	243	279	195	155	86	210	141	124	108	258	60	234	
39	212	268	112	220	280	186	285	208	88	222	76	98	221	76	186	205	144	165	81	89	
40	122	234	240	219	248	256	80	99	58	165	213	283	77	117	144	165	92	300	163	238	
41	230	157	199	282	254	197	63	63	240	211	147	215	87	229	234	89	192	156	230	230	
42	82	56	136	279	217	152	212	65	61	231	56	137	84	229	278	193	222	132	300	173	
43	126	257	291	101	155	280	122	110	56	224	186	207	66	256	200	58	132	152	111	229	
44	62	159	220	125	180	216	241	246	251	67	259	66	296	154	216	156	259	103	111	68	
45	157	257	190	51	111	135	296	104	289	231	275	141	278	217	131	176	161	126	64	226	
46	97	83	219	200	295	256	176	60	170	221	141	280	240	97	219	132	154	133	92	251	
47	192	184	176	293	238	167	153	101	268	147	182	230	279	208	163	265	216	170	250	293	
48	274	223	230	56	74	107	120	259	130	142	214	245	186	119	275	80	125	203	205	192	
49	91	70	102	118	161	124	174	284	208	219	71	70	138	289	262	207	97	134	130	74	
50	135	196	298	265	204	200	137	71	158	60	91	272	282	128	204	71	262	71	237	286	
51	138	93	214	215	83	258	103	53	244	283	143	258	101	154	225	245	188	173	140	254	
52	261	209	119	88	269	78	96	216	110	257	277	151	216	242	113	140	259	151	59	94	
53	296	67	198	253	204	131	231	294	92	135	225	61	203	140	231	246	219	188	261	295	
54	238	197	257	160	204	120	174	206	157	260	91	289	86	119	146	252	169	148	106	192	
55	175	76	254	89	70	159	56	87	206	95	282	252	231	203	150	85	60	164	56	198	
56	179	235	51	73	213	82	263	165	224	168	146	179	87	69	159	57	221	156	245	262	
57	58	84	248	56	252	297	293	70	222	194	99	89	217	113	151	90	152	243	186	231	
58	104	288	85	239	56	194	252	168	102	242	279	97	112	60	123	130	88	92	63	155	
59	193	113	255	242	106	68	52	267	89	138	300	113	151	208	107	264	103	296	126	100	
60	198	259	60	108	189	201	210	282	113	129	177	121	280	72	57	70	87	105	200	185	
61	174	67	160	239	119	161	139	203	265	165	133	132	112	100	159	64	285	175	298	85	
62	252	281	90	171	71	235	59	163	173	168	258	209	95	258	298	256	281	264	297	180	
63	129	130	245	71	116	72	228	218	117	116	244	151	288	75	248	95	200	170	163	51	
64	193	67	168	236	67	74	246	243	225	66	149	71	178	185	126	236	118	176	238	129	
65	167	290	127	119	268	123	86	79	149	109	187	170	175	144	215	264	298	163	259	67	
66	214	214	234	242	118	185	58	118	265	223	81	266	124	187	220	250	192	177	108	88	
67	127	110	266	117	90	170	124	204	268	109	144	220	110	75	64	234	97	276	131	244	
68	175	291	179	280	247	186	277	159	276	279	248	275	217	67	142	198	116	213	115	234	
69	178	239	58	151	287	229	298	212	218	207	272	240	217	195	182	67	144	239	151	241	
70	248	214	57	161	58	119	111	165	237	153	269	212	269	64	279	253	261	213	206	111	
71	266	77	267	150	222	211	198	158	102	76	159	246	139	212	266	284	96	165	284	276	
72	282	185	179	188	201	143	274	185	280	187	174	85	183	124	58	221	185	176	148	195	
73	194	193	167	61	247	164	84	81	56	179	266	82	215	295	194	110	106	77	233	78	
74	80	181	64	163	226	219	298	226	206	155	119	54	184	245	57	115	79	128	203	60	
75	249	284	135	250	71	168	177	220	70	260	173	293	169	169	215	92	281	90	270	217	
76	156	101	285	192	195	291	101	81	166	56	209	264	104	99	99	193	57	279	281	152	
77	212	128	92	80	58	266	95	155	161	136	109	112	147	222	53	299	300	148	248	283	
78	64	278	205	250	296	74	172	280	67	154	260	79	135	221	56	268	282	282	58	250	
79	284	287	52	89	154	199	65	121	265	149	172	190	153	111	133	253	255	99	212	189	
80	69	269	84	258	143	286	267	131	285	151	209	152	221	59	91	131	132	189	179	179	
81	173	283	154	192	248	127	122	204	294	124	146	66	237	203	140	198	228	240	243	233	
82	197	67	121	167	201	189	176	175	207	183	258	232	228	233	172	140	197	90	163	93	
83	291	151	133	68	282	77	97	279	85	229	183	85	81	211	234	280	185	109	148	230	
84	123	294	145	100	295	166	298	268	170	183	106	243	274	163	248	97	158	269	246	193	
85	149	95	94	68	55	129	109	245	129	281	198	219	241	148	104	66	169	225	247	202	
86	57	84	77	212	199	253	271	250	288	267	172	265	198	139	243	279	149	66	290	276	
87	283	209	121	130	70	63	252	173	80	231	115	132	223	268	159	220	212	59	288	144	
88	195	130	110	70	183	293	97	71	91	209	213	230	214	94	64	135	124	140	208	94	
89	269	107	175	149	76	226	244	238	100	205	173	221	108	196	153	239	62	203	189	223	
90	260	237	55	156	285	214	126	190	241	247	72	260	89	88	157	229	258	145	173	94	
91	52	232	55	66	215	296	286	195	237	196	253	73	116	134	152	78	207	184	83	225	
92	187	267	247	118	291	165	67	75	295	218	245	69	157	168	182	102	75	125	242	241	
93	200	292	116	152	89	278	292	282	214	58	204	83	201	236	294	92	93	267	188	155	
94	118	267	178	62	82	137	186	86	295	106	74	203	145	290	188	232	141	283	293	261	
95	190	88	179	110	229	69	67	226	164	166	188	80	139	97	54	55	89	94	87	256	
96	176	264	126	81	275	280	197	235	290	226	67	188	71	275	189	196	182	202	179	185	
97	158	153	124	173	186	82	230	193	132	188	271	71	92	121	75	205	246	214	266	222	
98	136	276	184	198	279	83	262	173	220	293	273	252	209	51	261	121	241	223	236	286	
99	142	266	144	57	234	85	189	79	106	296	241	209	243	184	59	154	258	58	182	169	
100	218	143	99	75	262	183	136	183	128	282	300	293	219	193	256	273	260	296	177	55	

[*,*,3]: 1	2	3	4	5	6	7	8	9	10	11	12	13	14	15	16	17	18	19	20:=
1	195	116	291	68	164	138	145	107	227	138	235	209	293	93	205	254	295	124	266	163	
2	97	68	80	300	142	117	271	67	77	211	205	109	183	100	94	238	63	109	227	94	
3	228	71	192	228	288	171	300	107	205	174	238	226	158	148	249	199	176	133	125	281	
4	130	291	149	219	256	116	292	201	295	180	293	162	288	133	86	296	151	280	177	204	
5	184	191	189	237	143	256	52	123	238	287	283	145	273	187	57	71	299	138	90	102	
6	218	100	173	238	234	130	179	140	119	250	108	110	162	108	255	219	136	90	87	207	
7	72	104	188	237	254	250	235	268	241	158	208	300	172	219	235	104	179	55	248	54	
8	183	148	197	267	117	265	70	142	148	94	102	264	67	297	138	151	158	259	269	131	
9	62	184	290	140	123	205	227	272	220	68	126	181	89	264	269	86	122	93	264	117	
10	243	214	269	153	119	242	169	215	122	272	110	239	79	258	87	279	178	73	175	202	
11	195	248	144	207	276	100	295	210	273	266	182	258	147	264	294	241	277	290	268	205	
12	270	174	143	215	121	123	299	242	118	53	269	157	74	173	270	200	162	56	137	122	
13	55	100	181	89	69	292	148	294	137	284	196	180	260	271	66	82	212	124	143	231	
14	221	228	248	197	238	119	84	84	253	118	142	86	172	104	133	299	114	204	187	164	
15	86	70	114	95	179	117	263	127	79	113	225	113	62	227	149	73	252	141	196	201	
16	204	258	263	65	111	152	200	188	215	173	55	160	250	209	146	64	177	67	282	282	
17	149	91	193	169	139	190	81	123	223	95	280	122	107	193	77	103	174	235	136	208	
18	102	232	216	256	271	294	192	134	279	253	97	216	249	183	290	78	89	255	194	279	
19	254	122	269	117	243	292	168	228	174	197	70	249	140	226	277	86	193	64	211	176	
20	219	59	171	133	199	129	219	149	231	63	292	73	85	249	294	229	228	106	56	113	
21	199	179	258	263	271	199	119	108	278	139	76	216	293	239	145	238	283	129	57	267	
22	172	156	159	211	217	143	263	204	288	198	148	191	205	202	53	174	262	256	185	66	
23	139	191	110	276	170	63	119	264	280	228	286	236	238	129	239	52	159	60	174	96	
24	272	300	52	140	284	294	149	230	101	68	200	282	264	163	284	241	237	278	229	66	
25	222	245	140	206	228	119	106	189	155	83	117	113	188	127	88	51	165	195	284	232	
26	219	182	282	202	221	69	114	133	271	79	135	67	97	270	108	87	82	67	97	282	
27	142	235	139	214	243	252	266	142	117	231	110	86	296	230	127	164	210	266	59	235	
28	269	286	94	53	202	215	142	188	125	248	67	172	96	104	181	202	282	300	239	109	
29	85	174	197	293	150	120	145	153	181	202	149	284	74	285	223	155	213	83	109	185	
30	101	231	113	255	265	144	128	267	196	281	172	105	203	199	239	99	293	112	110	288	
31	72	106	156	109	202	85	80	162	266	267	259	80	84	147	293	155	114	161	297	221	
32	294	282	244	215	194	241	261	94	84	52	180	186	126	236	150	185	119	187	56	83	
33	235	54	288	93	246	134	216	232	165	208	74	280	252	222	276	77	258	173	86	217	
34	163	226	250	233	209	124	279	154	85	88	190	271	84	81	75	63	161	189	63	296	
35	125	220	181	160	103	286	290	110	74	159	52	258	140	243	226	263	79	194	58	98	
36	103	109	196	135	166	91	213	225	249	194	196	67	213	292	183	162	97	114	157	273	
37	275	145	86	199	82	158	87	81	93	283	117	77	273	132	181	158	155	288	209	70	
38	77	191	168	82	298	279	200	78	170	179	64	213	102	230	290	264	177	122	134	267	
39	115	194	251	84	259	150	242	293	161	74	109	112	124	98	249	167	143	128	109	140	
40	232	124	52	199	276	70	275	215	236	97	289	137	174	269	74	234	54	84	193	175	
41	164	160	294	236	248	146	94	238	51	259	294	123	62	295	170	69	164	240	296	144	
42	187	135	189	174	165	90	85	234	231	218	169	165	229	81	271	104	111	139	148	97	
43	80	61	89	165	264	80	164	131	97	294	244	136	238	141	176	268	145	192	57	101	
44	122	100	237	232	222	260	267	97	250	260	273	93	223	81	290	218	146	103	300	197	
45	66	152	230	198	75	295	51	119	88	85	157	265	96	211	97	122	68	266	154	269	
46	94	57	238	233	262	61	237	172	203	257	168	123	285	213	141	188	231	204	257	76	
47	232	212	204	254	286	158	193	164	82	234	199	117	239	219	150	73	208	144	260	234	
48	170	84	275	196	78	106	193	296	274	166	200	109	299	107	70	179	109	219	246	68	
49	280	154	150	271	276	252	62	137	56	53	157	68	289	105	165	117	247	199	189	216	
50	249	70	287	245	81	134	73	232	281	217	111	198	208	139	82	213	216	203	212	166	
51	265	56	116	121	209	174	177	138	203	116	96	264	209	70	265	255	248	256	148	215	
52	281	270	219	253	64	97	132	75	215	90	257	285	300	141	134	145	61	227	104	76	
53	206	194	174	112	271	93	218	104	289	111	237	264	191	125	161	262	200	98	132	154	
54	60	111	191	55	228	71	108	168	249	118	234	179	158	238	61	80	191	256	147	281	
55	134	109	92	294	184	99	87	197	175	76	206	91	122	198	71	120	148	211	204	252	
56	129	264	156	84	263	73	284	221	207	208	249	154	267	108	240	270	155	207	56	137	
57	61	149	213	235	90	72	70	81	135	276	78	180	225	170	106	108	98	138	264	233	
58	288	120	177	267	60	260	256	65	78	213	159	128	153	86	53	62	81	278	226	76	
59	62	254	81	251	112	268	70	208	67	247	136	107	170	159	262	231	172	160	290	113	
60	141	207	264	130	153	259	208	216	213	211	166	61	211	113	207	96	208	215	157	131	
61	277	104	245	277	231	164	118	55	174	119	272	60	258	196	242	87	227	201	77	242	
62	213	263	161	229	283	203	120	101	282	295	168	116	102	119	280	279	231	127	247	139	
63	180	299	297	162	279	54	127	244	120	96	67	206	118	57	113	107	108	221	134	163	
64	276	187	183	65	130	210	219	101	232	162	234	268	293	162	79	52	147	150	68	221	
65	296	74	194	118	189	180	161	246	205	184	166	138	107	180	176	169	120	107	292	173	
66	139	282	155	126	232	150	183	275	284	289	256	157	214	146	163	144	70	118	263	62	
67	230	241	171	156	216	146	139	294	165	218	74	143	73	125	151	251	58	289	51	182	
68	162	230	158	199	195	79	192	217	223	159	62	74	282	259	124	104	62	185	201	173	
69	223	282	271	242	68	231	138	56	290	138	246	191	257	68	157	96	125	84	100	86	
70	271	271	225	109	227	201	55	92	271	75	70	209	157	76	198	230	173	217	179	81	
71	297	202	189	196	250	104	173	236	117	241	242	200	226	300	96	255	205	71	212	232	
72	107	242	71	165	83	290	79	78	210	258	201	96	192	183	163	162	260	202	127	269	
73	128	251	81	137	174	197	286	175	105	257	209	241	126	190	188	298	257	90	291	256	
74	275	53	186	127	247	275	288	70	270	205	103	68	62	81	71	233	141	290	194	299	
75	245	149	206	294	129	171	100	291	295	267	213	206	80	192	202	187	59	182	211	175	
76	151	81	271	85	95	80	213	231	178	247	73	77	150	76	88	86	70	135	93	292	
77	299	81	140	243	200	278	129	278	187	180	78	195	62	241	276	231	240	265	219	240	
78	283	102	84	256	277	257	231	78	56	126	240	85	194	192	205	246	278	253	73	65	
79	252	149	133	166	181	143	275	239	274	100	273	284	105	86	186	98	162	244	235	278	
80	245	180	242	74	128	115	149	62	117	230	103	211	102	288	113	87	80	57	156	251	
81	220	196	58	222	83	249	86	163	103	263	97	51	175	96	179	283	111	103	209	110	
82	67	77	281	71	195	77	128	168	54	270	121	293	72	211	162	249	118	254	73	270	
83	88	80	257	122	126	248	259	254	206	247	206	237	83	217	277	170	223	75	167	297	
84	113	289	52	159	78	119	106	295	155	155	151	192	281	110	216	143	212	55	178	92	
85	289	281	248	298	83	164	69	175	263	163	255	275	86	64	183	220	123	150	195	225	
86	166	276	193	153	88	147	221	56	237	257	275	197	248	299	294	144	218	59	137	168	
87	258	158	228	201	133	231	177	54	163	275	83	165	179	176	220	60	100	170	204	152	
88	85	136	267	297	112	260	214	283	74	221	65	277	247	241	110	98	176	52	173	279	
89	232	129	145	232	130	233	209	267	102	296	111	104	291	263	205	146	203	254	165	119	
90	56	70	111	159	124	156	162	234	52	102	195	143	124	224	99	131	123	118	130	180	
91	168	255	264	169	225	157	244	54	201	228	53	246	175	169	166	258	96	280	104	254	
92	64	199	218	232	142	260	70	206	296	209	84	243	90	183	95	60	292	73	231	59	
93	147	86	294	196	294	188	259	184	106	229	179	161	114	55	72	250	93	76	86	297	
94	78	89	229	116	59	127	240	156	108	57	184	241	169	170	253	262	54	125	159	218	
95	212	239	133	228	129	205	126	136	219	227	177	88	167	177	286	282	151	113	83	258	
96	112	134	89	273	102	122	192	248	189	97	138	110	266	114	183	254	206	104	73	165	
97	236	231	164	86	127	176	145	133	177	107	269	167	166	276	163	284	111	273	164	125	
98	184	176	93	194	191	211	70	99	161	247	96	293	60	257	89	161	244	227	290	288	
99	98	181	193	157	161	248	179	277	283	267	69	119	66	90	237	158	104	126	220	251	
100	190	163	283	114	75	62	106	83	237	190	232	289	131	217	236	137	88	284	229	128	

[*,*,4]: 1	2	3	4	5	6	7	8	9	10	11	12	13	14	15	16	17	18	19	20:=
1	269	131	258	236	62	113	281	166	201	218	72	51	161	51	234	280	208	249	68	151	
2	98	235	85	83	243	240	142	226	235	284	63	194	106	171	140	244	117	290	105	118	
3	273	245	139	60	201	244	242	251	74	130	277	141	155	253	146	152	254	292	104	297	
4	296	81	241	226	55	168	119	157	291	295	113	153	76	230	252	198	225	123	291	167	
5	178	266	183	65	117	251	226	276	214	204	232	55	60	239	217	106	223	139	199	200	
6	61	262	93	126	112	177	93	220	218	113	85	259	251	116	277	74	203	168	204	133	
7	68	184	148	62	297	122	102	271	210	210	289	210	224	100	117	295	92	288	71	273	
8	178	124	73	222	151	236	59	279	298	292	102	105	70	93	209	66	200	241	101	183	
9	225	196	295	145	123	99	238	225	286	93	273	98	129	141	161	283	225	164	236	167	
10	284	133	233	74	265	142	191	147	211	287	72	77	131	235	102	156	89	114	272	85	
11	259	285	127	181	138	269	88	187	245	197	69	128	190	130	274	65	207	136	221	73	
12	260	167	249	269	103	295	105	138	265	114	233	59	151	207	114	287	275	178	113	183	
13	181	289	53	154	140	122	276	67	290	278	293	291	176	98	100	217	63	79	103	298	
14	158	106	262	132	262	203	144	107	198	250	101	115	245	125	163	191	233	191	186	70	
15	140	120	107	256	265	152	195	133	234	150	254	231	55	160	202	127	200	195	73	120	
16	234	108	133	83	206	285	82	60	149	132	165	68	274	265	83	95	174	253	282	105	
17	139	158	132	71	188	219	234	257	123	59	138	78	151	211	96	163	122	216	179	57	
18	206	101	206	80	241	177	152	283	101	53	256	210	291	171	103	206	91	276	275	278	
19	299	192	127	259	246	145	228	205	209	128	130	72	109	199	172	290	205	202	67	79	
20	67	158	108	228	287	118	150	124	137	270	123	238	161	130	199	171	52	140	247	248	
21	228	80	167	92	60	164	161	262	122	70	228	77	125	127	91	184	105	100	159	86	
22	99	116	133	294	249	123	166	59	294	143	100	79	100	84	278	65	202	199	238	166	
23	267	159	102	101	232	58	148	175	180	165	222	222	148	101	116	109	156	171	85	157	
24	268	59	162	101	152	292	73	86	88	115	140	287	250	85	250	130	293	196	183	170	
25	224	296	58	204	196	152	151	71	218	237	55	89	89	276	94	212	70	227	137	224	
26	108	51	155	89	181	73	75	162	54	108	119	96	97	249	101	173	273	120	186	105	
27	140	175	265	59	251	147	70	142	284	199	198	286	98	58	290	110	125	136	107	146	
28	86	93	216	97	202	199	122	80	165	294	158	184	201	122	273	202	63	297	267	124	
29	260	100	234	257	205	168	167	295	187	156	81	295	146	66	105	186	77	65	252	206	
30	289	159	122	107	113	275	228	97	204	252	230	103	112	245	142	279	274	170	51	254	
31	148	250	107	95	158	109	115	167	276	133	245	166	295	78	218	269	98	208	223	298	
32	182	62	203	176	146	196	221	290	63	99	120	85	147	190	257	197	52	239	206	292	
33	53	77	85	208	286	156	143	62	61	186	125	157	54	56	117	293	219	113	250	143	
34	163	237	280	204	136	249	98	102	204	179	253	179	126	53	136	224	124	79	212	293	
35	233	144	65	71	246	178	188	123	298	297	118	244	175	90	67	220	132	220	213	258	
36	238	174	264	153	264	128	275	293	154	242	197	74	192	261	130	293	140	296	223	187	
37	198	89	272	266	119	140	95	243	181	275	170	65	157	126	266	272	152	264	153	170	
38	148	284	281	249	101	59	131	238	110	163	135	184	172	161	105	109	222	136	78	261	
39	292	101	219	126	81	204	142	99	246	109	142	247	251	113	186	130	287	185	167	55	
40	200	147	257	98	137	81	75	74	85	181	193	135	82	249	202	193	96	160	52	118	
41	102	138	149	115	241	248	286	133	189	139	291	133	92	135	130	68	232	204	269	255	
42	239	171	248	283	257	186	275	263	232	297	263	244	189	265	190	72	85	102	253	132	
43	109	89	141	141	53	161	204	182	119	257	273	288	182	189	168	94	296	203	165	178	
44	113	206	146	55	273	286	234	245	179	82	231	201	180	246	221	108	279	164	251	59	
45	85	132	81	218	119	215	140	79	87	288	126	269	158	100	266	101	243	229	231	226	
46	81	105	89	279	152	193	232	64	229	98	154	160	228	202	247	116	244	203	166	59	
47	147	212	210	127	130	150	143	141	155	130	106	168	260	120	240	159	139	280	291	97	
48	198	247	254	241	168	97	272	130	287	179	129	135	144	290	257	51	221	297	131	227	
49	294	102	228	73	68	193	126	146	171	79	297	79	113	137	272	159	136	242	269	80	
50	184	93	198	226	200	180	137	206	81	262	65	56	151	199	59	214	235	287	234	276	
51	59	71	248	171	296	97	144	105	70	118	258	217	83	67	144	134	179	142	88	284	
52	63	268	58	192	89	251	182	166	184	82	292	89	270	190	94	55	265	114	133	211	
53	224	136	285	85	181	249	114	129	236	90	233	87	83	233	235	169	130	281	240	149	
54	249	128	74	121	176	86	208	166	96	116	243	73	264	270	282	199	254	52	91	190	
55	242	268	232	198	149	66	81	249	242	223	59	218	271	79	191	157	179	119	52	165	
56	188	241	88	116	282	137	257	79	295	272	215	228	245	96	284	83	297	161	252	214	
57	103	298	197	203	111	174	92	171	109	146	131	55	238	263	254	202	86	195	165	216	
58	131	213	170	262	284	211	269	194	55	120	282	144	211	187	119	271	236	115	287	137	
59	282	92	212	297	97	77	57	296	158	198	161	188	163	60	196	165	120	261	57	218	
60	56	274	130	195	155	215	167	298	226	189	221	249	238	137	222	159	298	243	68	238	
61	228	236	197	194	168	118	91	214	291	216	135	89	64	135	86	207	87	66	234	236	
62	175	223	80	263	273	236	126	192	124	175	85	90	186	298	187	197	102	203	102	126	
63	56	197	113	162	202	135	267	196	225	226	113	272	236	72	131	80	126	60	81	159	
64	223	227	144	80	210	138	228	61	125	89	276	243	254	210	137	109	174	270	153	114	
65	244	249	95	110	182	217	283	296	114	297	161	53	60	298	232	144	113	75	149	117	
66	99	111	160	210	292	178	147	64	293	168	108	190	234	190	86	99	193	105	195	212	
67	236	93	224	92	163	243	248	279	114	299	116	163	185	237	158	162	208	57	220	158	
68	202	290	101	128	203	186	137	84	226	83	295	275	147	139	293	61	135	217	257	133	
69	91	89	190	74	65	294	246	286	145	276	217	277	122	199	149	172	263	197	134	69	
70	58	274	240	60	135	166	266	293	267	180	143	167	84	193	269	123	154	267	300	114	
71	130	78	258	144	236	274	90	104	215	251	198	193	270	278	69	92	273	78	190	129	
72	186	135	128	139	106	109	126	132	148	72	163	96	260	179	204	255	73	73	219	117	
73	299	137	158	272	142	134	210	227	131	123	261	148	276	88	59	218	238	256	166	104	
74	252	218	142	68	167	180	185	296	89	60	257	158	113	197	163	57	292	262	105	213	
75	140	53	279	182	73	283	260	90	266	220	108	106	268	173	59	61	161	228	299	127	
76	294	70	118	155	84	120	234	118	286	181	136	220	213	284	197	268	105	97	109	289	
77	276	231	273	66	141	191	159	276	89	191	215	208	103	179	132	68	93	182	207	285	
78	212	151	154	76	184	51	138	196	86	289	288	106	106	131	79	75	188	270	290	223	
79	227	146	204	253	121	160	236	240	86	108	269	123	137	70	73	106	173	218	98	269	
80	183	149	166	162	193	139	215	83	111	277	285	274	248	139	299	233	278	280	183	251	
81	178	215	286	99	123	291	184	234	51	177	141	294	159	230	167	166	86	65	108	280	
82	173	174	194	234	173	223	211	287	216	297	222	173	131	202	234	194	162	111	107	112	
83	110	190	196	142	287	112	97	153	236	96	238	214	102	220	136	227	281	59	90	187	
84	177	213	239	135	260	256	224	288	54	293	105	152	265	206	296	115	229	263	166	252	
85	234	278	59	236	165	272	295	216	217	186	121	171	227	174	112	234	100	202	284	108	
86	246	231	118	221	289	237	203	127	134	236	231	182	269	244	53	232	77	171	200	103	
87	159	290	294	289	109	128	179	171	227	51	61	276	137	200	296	150	91	146	185	245	
88	187	118	235	208	147	234	295	65	235	277	274	145	279	296	105	253	177	266	257	134	
89	238	258	296	96	173	71	239	165	300	245	121	126	284	147	163	256	110	232	51	295	
90	52	257	186	238	299	245	131	88	113	211	243	154	244	108	162	251	188	104	240	204	
91	231	113	289	114	127	222	286	289	52	116	195	99	138	136	208	60	128	114	105	242	
92	110	265	249	65	183	55	298	167	281	88	103	124	239	138	216	72	198	156	59	228	
93	180	232	292	232	261	274	216	286	113	117	129	167	166	126	204	286	293	213	130	281	
94	110	80	230	121	116	200	97	181	250	270	264	226	167	139	293	244	252	93	157	185	
95	293	161	110	130	212	214	270	251	223	253	72	177	179	203	97	203	248	266	249	167	
96	63	206	208	299	62	187	107	201	177	190	154	289	216	264	300	72	278	157	182	278	
97	285	76	283	145	261	149	129	252	177	201	94	298	151	174	53	119	267	247	181	128	
98	180	51	255	168	99	153	66	114	66	165	147	216	262	142	201	255	243	283	182	224	
99	195	164	249	134	84	270	297	106	204	220	161	115	187	232	106	83	54	157	267	109	
100	261	220	70	117	200	96	137	58	270	123	73	273	177	230	146	271	84	78	79	143	

[*,*,5]: 1	2	3	4	5	6	7	8	9	10	11	12	13	14	15	16	17	18	19	20:=
1	114	284	180	180	189	209	232	111	51	298	211	144	204	231	97	294	120	252	283	210	
2	267	228	139	257	89	83	235	187	277	239	284	202	142	203	94	71	221	280	145	58	
3	121	140	175	286	212	93	180	153	116	171	81	189	173	213	63	255	96	216	78	240	
4	299	91	273	193	276	297	183	284	211	280	144	75	165	275	240	195	205	166	130	159	
5	238	264	153	250	210	192	138	159	73	214	209	220	119	56	227	252	280	63	223	282	
6	209	93	199	92	71	127	206	61	226	85	212	279	283	114	163	52	212	140	131	169	
7	161	163	114	231	185	137	255	75	151	254	283	162	287	278	94	117	234	264	127	298	
8	179	184	113	157	187	162	289	51	189	230	258	243	109	79	169	80	184	196	297	233	
9	96	205	107	283	256	209	233	176	56	97	231	118	168	298	294	87	255	194	163	180	
10	210	53	95	138	82	52	254	244	130	53	97	157	108	117	122	144	272	134	175	124	
11	125	198	122	135	134	264	274	267	174	57	89	204	152	195	205	94	71	182	222	73	
12	203	120	115	152	87	142	230	105	147	295	270	143	206	162	291	280	95	152	79	53	
13	184	225	111	234	57	164	112	204	60	140	189	114	201	300	118	216	274	57	241	119	
14	204	271	249	166	266	183	57	71	67	142	215	195	296	64	241	92	160	97	269	209	
15	224	115	194	65	111	54	68	59	91	207	197	132	178	113	179	177	187	208	132	162	
16	260	68	183	178	218	166	211	132	235	266	190	254	168	216	76	282	264	148	131	232	
17	217	229	142	160	278	202	285	292	164	180	248	293	244	281	77	70	190	76	94	222	
18	57	152	85	84	266	128	229	208	164	64	211	55	201	112	145	168	154	289	183	204	
19	225	169	272	189	297	54	275	74	112	262	55	274	185	300	66	166	177	195	216	261	
20	269	56	204	192	210	262	152	292	277	186	280	145	154	114	278	291	263	132	217	101	
21	103	247	244	67	233	279	138	272	270	286	191	252	54	192	91	96	222	280	245	67	
22	156	194	116	219	76	280	73	226	193	172	178	86	253	246	129	86	93	232	97	135	
23	193	223	60	279	199	131	259	194	237	75	252	259	157	194	289	141	243	270	183	234	
24	264	272	146	126	120	230	283	299	288	199	187	260	178	253	90	64	216	209	143	95	
25	200	182	123	230	94	108	271	290	299	172	296	252	137	288	262	69	122	112	74	143	
26	279	207	126	281	131	191	154	263	129	121	116	263	248	257	91	142	145	110	173	174	
27	152	248	256	107	153	102	118	256	244	111	191	103	144	116	248	252	79	284	183	174	
28	130	250	227	233	289	185	204	100	199	129	194	142	160	70	173	164	116	78	147	249	
29	154	140	98	220	278	71	114	116	184	161	98	88	139	184	176	280	253	54	270	166	
30	141	99	185	183	87	237	207	91	243	194	77	242	85	188	98	218	178	115	196	138	
31	207	280	143	60	171	252	151	91	220	254	197	103	173	105	226	137	249	296	127	213	
32	123	163	88	201	279	224	258	189	258	243	292	119	151	220	268	63	205	93	74	68	
33	111	268	180	74	81	134	253	73	99	63	248	248	279	100	272	115	154	103	298	278	
34	205	248	179	99	177	239	212	220	163	243	289	63	139	86	270	230	137	146	167	142	
35	177	91	62	194	97	204	212	171	127	258	192	254	242	283	148	259	290	183	203	212	
36	295	64	121	228	157	51	99	276	207	178	72	290	260	234	113	208	66	82	82	152	
37	279	298	171	169	140	240	252	171	207	247	200	53	194	145	93	164	143	115	216	298	
38	233	148	68	75	260	214	99	295	154	100	223	88	286	223	73	277	142	127	97	133	
39	256	112	267	77	154	207	283	167	218	174	117	261	257	55	87	252	197	281	190	68	
40	223	294	182	74	95	288	59	180	74	166	58	143	66	240	141	105	126	78	116	77	
41	152	191	280	122	68	136	246	118	67	202	124	233	56	253	95	134	147	235	288	207	
42	138	108	280	263	201	53	59	89	260	138	143	219	206	171	203	210	122	144	88	173	
43	265	83	89	248	119	225	187	255	273	115	252	219	95	250	160	278	125	69	165	63	
44	268	299	277	234	92	298	126	70	105	125	277	85	276	182	265	272	228	226	155	163	
45	226	264	258	273	168	247	142	134	161	127	157	287	199	271	157	113	259	157	242	166	
46	181	104	158	88	127	96	131	288	270	197	128	123	60	127	104	194	144	150	297	278	
47	91	100	51	205	130	105	63	65	151	92	211	171	150	82	101	281	182	149	213	125	
48	206	177	237	115	258	76	69	200	295	223	72	262	81	223	112	107	127	124	113	245	
49	132	159	111	94	92	265	197	97	170	131	64	249	187	277	129	154	242	176	149	236	
50	179	269	143	171	170	54	195	127	271	53	187	142	201	274	181	195	264	71	200	237	
51	159	176	107	195	226	95	222	281	222	207	277	73	111	98	145	90	249	240	245	61	
52	214	217	215	71	218	52	144	134	287	53	87	78	64	291	227	230	53	75	132	124	
53	246	153	232	179	98	213	222	256	228	62	156	103	291	126	117	215	163	158	59	250	
54	267	119	90	97	109	92	195	143	256	274	221	245	96	169	90	211	80	124	171	245	
55	226	200	195	163	128	185	181	202	277	52	267	89	293	120	90	179	289	267	89	167	
56	70	125	258	286	126	244	240	174	225	203	198	162	65	226	263	265	82	62	84	118	
57	165	266	140	232	193	147	299	243	237	212	164	168	202	215	67	120	128	252	137	280	
58	240	65	267	162	271	167	203	147	238	209	88	176	268	288	228	247	68	137	81	157	
59	122	243	76	148	246	166	236	166	81	151	187	197	182	182	142	163	299	101	239	124	
60	108	171	255	270	173	298	148	127	258	82	266	192	130	263	242	165	200	150	124	192	
61	154	296	189	122	293	108	284	136	140	136	111	169	54	253	155	237	173	175	89	125	
62	165	167	88	129	64	207	258	167	216	280	193	183	199	143	186	199	134	129	52	185	
63	120	202	110	171	51	78	300	241	229	144	207	134	249	228	192	102	81	95	154	228	
64	202	284	106	237	183	297	263	278	157	238	192	190	85	148	258	117	202	197	300	102	
65	265	144	268	116	206	51	80	204	254	115	206	77	146	217	96	284	141	241	168	99	
66	251	268	203	289	274	140	259	125	82	133	229	210	158	270	110	224	175	129	114	274	
67	86	285	153	295	127	82	88	240	171	118	175	175	197	110	173	172	238	185	168	279	
68	159	278	173	209	262	279	175	163	161	160	152	145	278	191	242	207	282	294	159	148	
69	111	81	201	154	225	95	63	61	93	67	278	149	80	151	223	94	116	202	58	95	
70	287	210	181	177	80	228	224	229	208	185	198	148	227	94	247	77	99	263	102	292	
71	219	252	288	83	96	179	110	294	89	247	166	241	91	295	199	219	93	184	207	62	
72	69	262	274	197	175	184	297	76	201	182	145	214	227	168	91	92	253	164	249	193	
73	289	67	247	214	76	101	88	196	193	144	152	55	251	91	250	203	275	190	54	245	
74	257	67	229	187	240	103	244	213	104	266	287	177	283	201	189	288	111	155	94	166	
75	248	207	91	212	114	92	186	137	275	114	297	178	242	234	233	216	202	57	174	82	
76	202	169	154	59	237	141	286	289	118	103	79	141	193	278	95	126	223	65	261	123	
77	227	130	98	293	212	228	109	184	137	229	61	175	272	117	140	212	255	93	283	150	
78	84	273	244	289	176	164	166	112	104	109	119	149	114	261	278	237	183	278	77	87	
79	252	298	229	264	59	213	193	287	238	184	62	181	180	174	148	246	168	144	79	66	
80	100	150	262	153	66	75	150	67	198	247	262	231	106	228	158	141	200	263	258	282	
81	263	254	265	197	179	260	223	284	214	286	75	255	219	193	250	74	288	105	293	243	
82	124	282	82	195	202	213	148	208	230	159	104	179	245	121	177	189	92	285	287	246	
83	117	141	162	129	65	165	222	143	273	182	97	73	242	157	192	290	199	258	189	211	
84	108	277	167	120	258	60	206	120	232	147	59	263	256	276	95	177	71	151	140	274	
85	105	57	58	268	202	209	190	270	124	273	54	80	112	299	121	230	259	145	101	119	
86	55	159	247	158	68	130	212	87	229	196	289	276	298	204	185	63	223	289	175	188	
87	183	67	78	247	161	114	197	165	165	267	162	206	229	297	51	224	261	285	76	96	
88	114	96	200	257	194	159	185	98	200	216	166	99	132	103	233	193	166	280	252	297	
89	215	168	186	159	146	145	120	168	130	196	196	65	149	206	115	210	64	298	186	163	
90	293	267	207	71	216	94	201	120	101	194	207	181	124	290	168	89	193	290	106	70	
91	116	299	146	147	209	58	83	227	240	146	230	89	179	144	108	102	57	178	205	75	
92	203	211	201	174	93	187	252	104	57	159	67	205	164	138	263	128	152	158	240	163	
93	161	59	254	121	243	210	267	257	154	59	257	139	231	119	146	300	267	234	236	193	
94	255	86	138	125	154	114	170	85	68	95	179	292	100	289	133	104	109	287	225	117	
95	82	213	211	67	104	298	139	166	292	167	219	144	126	63	224	66	129	216	243	149	
96	152	215	250	276	155	82	167	230	168	180	160	102	278	164	107	270	184	298	226	95	
97	183	144	196	279	170	80	130	85	243	225	273	52	251	266	191	216	257	123	136	285	
98	202	140	199	109	232	77	190	90	226	149	213	66	96	208	132	107	86	259	227	167	
99	170	297	166	223	93	162	111	104	208	201	153	161	68	129	264	114	174	276	122	242	
100	157	262	201	291	213	170	114	245	138	298	292	225	256	207	167	73	281	147	132	119	

[*,*,6]: 1	2	3	4	5	6	7	8	9	10	11	12	13	14	15	16	17	18	19	20:=
1	270	220	207	228	224	168	184	253	63	154	238	57	179	193	224	295	209	98	179	173	
2	156	53	299	249	160	209	181	199	93	236	204	105	209	77	82	62	109	132	212	176	
3	139	118	95	220	56	108	105	259	91	244	281	169	87	79	211	120	117	96	211	145	
4	204	120	129	87	82	296	200	218	292	234	297	126	245	272	112	60	267	239	199	167	
5	143	72	186	58	206	242	145	52	162	70	260	140	216	187	298	134	154	207	111	147	
6	86	111	100	294	116	159	63	85	80	262	260	208	216	62	103	269	216	75	179	55	
7	265	189	160	210	73	177	187	86	294	70	208	117	175	225	118	299	275	184	241	115	
8	179	52	237	269	195	215	77	242	257	171	240	209	279	92	153	201	114	275	100	145	
9	98	53	118	142	113	144	115	194	176	95	113	275	231	178	194	245	229	70	294	186	
10	248	172	228	79	272	158	146	239	137	104	197	248	88	240	148	291	276	170	100	202	
11	111	78	146	78	230	65	159	265	99	100	272	237	139	64	152	78	146	52	267	189	
12	76	117	219	293	155	299	146	229	241	226	101	64	294	103	229	140	284	269	68	189	
13	64	75	249	171	267	125	193	101	84	120	240	54	251	130	247	196	178	291	125	159	
14	189	259	62	133	144	121	290	267	137	123	106	288	206	79	102	273	220	271	255	216	
15	201	155	254	122	176	200	253	266	257	202	152	191	262	114	195	186	82	99	188	149	
16	70	276	127	203	290	59	298	155	52	93	65	96	126	174	288	143	57	255	295	179	
17	294	201	283	169	106	217	274	182	130	231	56	146	129	205	182	132	216	251	171	97	
18	253	108	139	266	127	181	143	166	203	242	198	292	300	95	242	78	254	289	103	258	
19	266	141	79	199	265	85	255	219	221	272	98	146	211	253	289	91	99	143	207	292	
20	73	139	150	82	94	207	127	153	128	280	142	207	253	67	96	211	94	93	190	254	
21	197	242	266	51	127	180	284	131	96	201	239	173	98	245	226	267	176	281	300	175	
22	158	121	277	109	285	202	200	203	165	68	58	219	300	91	139	131	241	159	83	299	
23	266	99	199	140	227	184	242	162	288	197	247	59	138	272	83	219	237	188	299	279	
24	158	251	109	287	126	151	169	287	120	274	64	112	171	275	134	176	162	53	123	278	
25	55	129	52	148	73	84	73	109	125	139	55	112	175	252	254	115	160	76	92	283	
26	259	275	287	57	197	122	201	68	295	274	128	155	97	73	87	127	119	256	165	189	
27	61	144	83	196	131	97	124	162	117	78	263	178	92	198	142	133	141	277	243	81	
28	183	154	172	238	140	76	254	225	194	267	289	60	208	106	213	285	261	225	186	223	
29	289	76	206	293	202	61	179	217	160	173	298	240	230	148	297	244	155	206	90	193	
30	245	273	163	54	55	245	274	178	97	118	277	181	214	215	130	179	77	68	192	118	
31	289	177	156	238	153	151	299	114	73	68	204	215	152	75	156	261	114	79	252	54	
32	155	55	292	115	63	293	69	214	259	73	286	288	77	174	185	240	170	108	94	189	
33	267	263	208	218	206	174	225	95	160	56	221	66	190	275	258	167	180	217	59	55	
34	154	106	260	167	279	61	270	179	212	153	256	169	105	124	258	104	240	185	222	295	
35	204	189	52	124	90	144	185	190	277	89	193	89	288	123	99	162	136	178	208	101	
36	115	158	193	68	139	181	212	185	283	193	154	187	198	146	97	132	120	272	140	155	
37	177	80	60	155	109	118	202	143	217	91	170	162	96	119	284	154	191	195	179	242	
38	173	76	207	268	245	220	297	62	286	149	283	297	291	237	234	129	139	153	62	101	
39	298	158	246	149	271	159	284	59	144	274	92	277	138	250	179	139	187	272	167	287	
40	69	91	57	89	183	92	85	178	74	282	151	140	207	95	189	271	201	76	149	295	
41	125	196	208	224	106	122	153	74	261	129	127	219	96	52	53	101	288	134	103	202	
42	176	181	169	250	146	151	154	112	94	212	195	268	276	156	52	221	108	60	98	247	
43	213	87	124	264	187	174	75	261	296	265	143	57	297	121	252	74	234	75	62	88	
44	59	253	181	182	180	298	104	111	145	278	115	247	99	225	179	194	80	79	93	101	
45	262	184	212	68	113	200	193	130	249	129	165	286	207	75	286	258	157	147	181	296	
46	90	115	227	284	163	227	300	140	117	170	269	236	284	156	67	66	56	62	286	255	
47	231	277	133	191	134	261	84	62	152	216	57	207	54	133	106	298	92	206	72	293	
48	248	170	196	225	118	127	278	255	195	155	244	188	231	60	104	140	274	150	128	159	
49	192	289	273	178	265	197	102	169	251	136	140	228	160	76	64	270	217	171	243	251	
50	142	127	206	55	86	61	168	240	206	122	185	165	206	232	226	128	202	260	242	262	
51	111	262	249	184	170	54	229	290	61	183	212	276	267	110	86	167	82	245	212	209	
52	203	75	196	84	176	92	114	155	168	241	259	242	299	221	228	299	184	69	124	76	
53	258	79	266	106	295	77	274	217	260	99	164	56	209	124	62	276	172	72	74	144	
54	292	248	199	143	220	204	254	138	270	251	152	258	128	222	120	268	84	89	199	161	
55	206	160	52	284	63	281	142	219	264	59	72	180	140	135	65	125	167	291	139	235	
56	292	158	185	66	187	255	153	184	228	278	150	131	258	219	277	169	96	96	150	105	
57	112	225	249	129	65	230	103	165	184	119	53	294	83	272	224	240	275	167	184	173	
58	203	153	294	165	143	80	189	192	237	222	205	264	88	52	266	91	56	228	238	266	
59	185	186	150	190	129	289	226	149	217	293	153	51	59	143	114	70	54	228	283	175	
60	158	254	263	71	65	166	269	257	147	151	159	208	283	78	66	96	87	58	292	92	
61	221	71	147	191	123	150	203	164	104	187	76	126	175	123	132	117	184	157	158	158	
62	116	286	174	101	160	287	266	238	262	89	97	216	61	187	293	178	218	130	212	190	
63	261	117	289	226	291	98	156	264	190	166	85	122	181	76	274	139	218	146	182	281	
64	87	183	160	176	205	202	269	222	161	111	102	69	189	201	61	266	178	266	119	132	
65	83	66	141	212	173	228	70	130	57	99	159	220	294	268	74	243	208	198	222	260	
66	198	244	207	118	255	250	147	101	216	169	196	231	181	245	69	298	137	244	166	69	
67	209	141	54	81	200	213	108	122	212	135	276	130	160	155	243	142	280	61	94	174	
68	57	299	231	192	245	53	95	135	93	288	230	98	216	138	223	265	105	91	204	241	
69	87	131	169	299	221	71	199	165	154	157	176	210	225	87	63	161	282	135	88	233	
70	189	166	214	64	214	66	233	217	249	175	299	70	73	193	288	294	250	174	57	152	
71	239	93	232	168	183	109	182	237	97	270	126	204	155	88	144	261	288	201	187	64	
72	100	107	186	144	114	52	203	226	156	171	216	280	91	254	190	202	236	167	148	127	
73	144	268	163	208	272	117	138	209	186	110	84	133	116	191	81	69	79	73	192	202	
74	245	119	195	100	248	103	185	279	104	232	232	164	58	228	261	167	109	167	121	221	
75	65	209	277	282	165	114	92	298	72	73	69	177	285	212	80	175	193	260	103	234	
76	202	187	272	267	258	198	147	123	162	169	283	124	197	298	285	270	85	172	130	250	
77	223	68	96	187	216	252	237	219	153	186	287	293	79	213	86	255	176	194	217	275	
78	84	73	270	299	181	168	233	217	67	281	227	140	125	125	181	181	137	63	266	213	
79	91	155	282	271	229	215	127	219	251	192	158	171	133	235	148	90	185	134	56	71	
80	101	260	51	96	157	293	142	192	241	119	298	279	98	144	163	215	90	196	152	184	
81	183	263	182	195	201	278	218	108	79	294	223	52	234	144	90	180	151	71	216	51	
82	112	292	281	58	80	266	185	257	166	214	157	194	278	295	258	135	130	173	173	212	
83	54	261	106	228	153	136	239	243	163	193	287	176	119	234	233	291	156	62	113	267	
84	181	179	223	246	289	122	68	121	293	247	236	142	283	162	56	103	247	222	216	238	
85	289	199	193	89	262	232	233	138	168	152	285	163	151	144	244	60	88	104	295	60	
86	96	109	143	142	277	286	114	128	253	225	262	190	177	157	151	267	72	80	268	295	
87	233	146	263	282	250	172	259	66	125	131	86	147	99	215	130	173	219	182	208	230	
88	223	209	237	190	189	222	158	61	297	114	183	267	87	225	68	150	174	52	159	166	
89	281	62	181	82	60	74	202	278	264	113	56	141	147	180	177	176	129	231	189	192	
90	52	114	282	184	169	300	247	98	172	287	133	70	206	174	247	128	265	208	131	108	
91	68	83	143	109	171	196	85	242	263	86	200	52	93	143	91	200	277	85	283	146	
92	245	79	110	132	205	126	218	239	244	288	295	142	77	187	108	217	126	122	71	137	
93	153	239	98	193	176	225	290	228	86	62	154	57	261	91	181	287	204	53	134	135	
94	289	210	164	83	197	59	300	280	162	208	81	278	138	236	274	258	247	90	227	82	
95	179	141	275	86	208	162	152	290	172	242	208	255	207	300	131	142	288	266	289	136	
96	88	96	104	187	174	73	224	239	290	183	291	87	66	166	60	172	216	72	57	61	
97	252	133	204	90	188	244	175	200	188	132	133	73	101	299	296	167	288	268	125	167	
98	225	269	246	122	170	84	260	154	129	114	253	278	90	89	253	200	232	71	275	252	
99	230	227	255	285	238	183	95	101	122	174	295	104	221	67	190	60	226	250	184	189	
100	164	83	213	223	143	298	285	56	246	159	293	265	95	187	177	213	271	243	107	217	

[*,*,7]: 1	2	3	4	5	6	7	8	9	10	11	12	13	14	15	16	17	18	19	20:=
1	142	157	275	178	292	185	138	197	99	223	141	182	241	90	119	176	182	170	211	63	
2	299	53	65	254	243	153	179	252	122	119	190	193	291	80	110	101	131	235	184	105	
3	95	135	124	225	184	92	86	169	232	193	186	117	214	252	251	262	286	60	197	164	
4	173	165	146	215	168	209	124	295	243	133	170	60	176	269	78	205	80	155	266	180	
5	172	266	281	179	62	273	102	184	106	232	109	246	148	287	56	173	295	243	285	145	
6	274	211	288	113	282	148	115	76	189	263	69	177	229	283	198	113	143	56	67	122	
7	174	178	222	260	242	79	55	90	150	88	53	189	114	288	243	159	131	215	266	110	
8	72	141	199	97	86	246	123	283	191	142	55	136	170	291	202	192	91	279	238	63	
9	179	54	137	138	249	274	231	246	182	258	192	84	235	295	254	120	131	212	120	107	
10	254	121	127	159	270	111	239	101	65	95	246	283	151	241	222	109	122	72	168	104	
11	98	60	191	185	125	234	263	292	119	242	250	63	274	198	214	116	116	91	147	138	
12	51	90	142	85	154	107	224	137	203	82	199	290	94	264	156	173	142	234	247	113	
13	239	96	292	162	274	191	155	147	154	135	161	149	142	222	222	141	169	157	251	131	
14	280	193	212	207	173	193	110	203	122	106	167	86	82	93	89	215	58	103	54	91	
15	119	202	288	152	252	62	54	282	81	292	245	194	239	76	250	80	60	104	100	136	
16	83	89	82	114	289	73	149	102	131	187	287	113	233	165	228	248	295	222	164	209	
17	87	238	112	189	159	99	185	119	282	207	79	108	181	58	60	173	217	105	108	223	
18	179	108	288	299	165	169	198	256	158	118	201	264	112	182	187	250	223	296	82	247	
19	285	234	94	79	184	247	294	82	177	127	297	283	218	182	179	96	293	219	250	133	
20	175	165	87	95	97	186	134	56	197	96	208	140	200	122	76	53	171	166	184	93	
21	150	124	152	297	224	71	83	237	161	193	275	175	161	264	265	128	205	287	198	176	
22	238	172	166	123	69	124	155	161	195	181	232	175	71	294	275	279	141	193	183	184	
23	186	137	57	200	169	288	109	181	219	184	74	279	202	158	170	203	76	300	57	196	
24	75	194	212	214	51	297	300	297	228	221	81	69	203	192	280	192	265	76	223	248	
25	99	153	291	79	297	189	75	248	193	278	261	256	69	144	193	79	112	286	294	134	
26	250	212	298	152	298	244	257	225	191	129	174	161	221	295	69	186	175	89	292	158	
27	76	71	207	85	88	198	184	117	186	130	73	278	267	92	79	216	130	62	177	189	
28	70	173	222	194	272	195	119	135	105	264	195	63	225	92	118	57	207	193	147	147	
29	157	68	197	136	85	247	243	85	240	116	187	234	90	230	185	99	111	252	67	244	
30	56	155	56	201	137	239	78	106	95	227	218	186	106	253	299	241	300	112	273	277	
31	185	145	109	117	204	249	52	59	209	187	167	165	233	154	172	113	196	175	236	184	
32	167	172	56	202	60	274	77	288	110	246	62	217	184	232	190	92	261	294	276	95	
33	172	72	200	202	131	121	79	89	107	214	207	103	170	239	88	108	148	105	66	143	
34	236	176	278	170	64	95	277	220	162	205	226	212	270	201	215	190	222	89	60	128	
35	297	54	102	111	64	176	82	90	174	123	189	63	292	267	187	285	206	85	269	277	
36	250	267	193	232	278	74	237	299	233	186	242	227	211	62	159	117	177	54	228	246	
37	288	232	143	295	216	209	240	159	143	166	75	177	298	78	166	221	195	55	285	170	
38	299	274	242	119	107	96	128	167	290	68	272	161	109	99	166	96	92	282	263	127	
39	160	97	127	195	177	230	291	61	79	125	144	277	272	213	88	243	295	132	55	230	
40	120	214	286	266	210	204	297	166	287	63	237	201	283	84	273	200	83	65	208	96	
41	237	62	291	286	140	77	173	178	257	171	180	183	92	154	284	295	73	251	197	149	
42	86	123	246	215	295	202	240	169	189	191	227	183	215	291	217	193	225	106	133	85	
43	88	97	103	159	195	219	116	164	131	242	88	153	75	198	67	163	218	64	64	227	
44	290	231	183	175	166	251	114	179	168	69	135	169	254	82	163	253	141	231	182	122	
45	239	207	102	237	239	125	65	199	217	72	155	126	102	132	125	213	63	182	205	133	
46	282	66	84	223	263	83	118	253	252	152	168	66	125	195	89	149	55	51	261	175	
47	84	221	254	113	237	101	131	208	279	55	182	264	191	67	94	123	276	237	125	218	
48	155	269	122	300	228	52	216	172	146	63	255	300	116	76	122	178	90	165	78	166	
49	232	165	162	72	270	96	128	218	144	153	210	230	286	113	259	63	117	179	62	155	
50	276	219	195	147	151	250	145	115	166	211	289	169	254	226	88	203	267	117	108	72	
51	274	224	97	129	72	296	216	52	113	232	169	127	202	184	135	157	284	199	181	253	
52	52	55	243	207	79	293	125	68	292	260	135	115	263	190	59	264	264	195	82	126	
53	162	207	230	233	58	234	75	220	172	272	116	176	101	284	118	172	269	174	79	147	
54	144	152	212	74	139	238	185	233	204	105	145	84	104	117	137	142	66	124	254	153	
55	255	223	101	225	203	114	141	90	144	231	242	269	280	80	63	293	171	190	176	283	
56	298	218	297	275	135	212	93	269	234	83	191	285	67	155	274	225	156	242	254	169	
57	87	90	108	76	237	157	223	197	187	205	134	133	100	85	281	284	158	225	174	219	
58	297	270	121	270	202	145	176	178	169	289	129	183	272	68	280	289	146	118	249	139	
59	183	241	184	102	295	185	136	120	273	119	241	192	163	169	215	289	219	158	53	59	
60	122	230	77	297	79	152	135	182	88	57	200	247	182	205	285	264	130	136	254	98	
61	172	251	73	228	85	98	270	156	221	158	94	241	267	105	114	171	119	88	66	74	
62	128	75	56	82	98	58	223	218	169	81	214	167	148	172	245	206	152	194	75	62	
63	173	147	87	271	108	112	115	242	72	233	270	245	300	185	126	103	61	182	115	217	
64	197	151	294	127	245	296	133	214	181	194	81	105	285	221	70	125	77	113	209	115	
65	141	278	101	193	202	170	162	145	214	99	158	104	225	220	141	65	103	146	55	53	
66	298	244	173	284	217	246	168	276	179	95	55	53	259	197	99	112	167	122	195	63	
67	94	181	57	106	268	67	284	228	208	228	253	223	200	141	115	145	102	58	245	135	
68	284	222	233	232	252	253	207	125	227	65	121	108	63	142	172	155	213	119	300	297	
69	226	93	249	117	186	241	213	282	147	206	195	228	77	80	61	231	190	212	148	163	
70	197	227	214	76	143	187	86	53	57	293	55	104	218	218	218	240	96	165	53	163	
71	292	146	259	155	171	108	64	182	136	117	188	197	135	122	140	298	141	77	218	95	
72	176	119	230	140	262	192	76	164	280	185	291	243	261	116	85	107	179	132	84	219	
73	218	61	53	149	135	241	199	264	227	53	202	213	101	176	241	248	252	82	129	141	
74	98	133	293	224	270	75	51	209	208	114	206	254	292	215	89	184	114	177	223	94	
75	101	115	299	102	288	59	162	201	111	120	246	267	290	284	256	64	71	110	119	59	
76	211	212	228	246	142	262	165	229	198	283	131	110	56	266	161	213	143	101	264	204	
77	290	244	80	127	81	287	87	281	212	240	99	173	279	259	168	112	276	225	136	207	
78	107	253	191	170	154	187	92	206	95	192	221	151	112	56	222	163	181	205	286	289	
79	140	125	266	131	252	209	60	241	267	110	225	135	239	114	144	221	299	114	138	98	
80	82	73	260	153	172	91	263	117	82	222	165	52	270	271	62	283	281	243	204	112	
81	213	74	178	109	270	247	84	250	284	290	160	291	103	177	248	274	256	165	195	125	
82	273	249	266	92	274	69	78	286	223	274	118	162	73	232	54	190	153	160	92	167	
83	169	151	237	177	237	60	211	194	148	113	283	118	159	240	289	210	67	134	103	290	
84	178	78	300	285	236	215	121	197	101	155	141	126	174	250	300	213	134	265	123	53	
85	57	95	56	280	120	57	250	300	104	245	221	206	127	143	184	180	292	246	125	110	
86	298	270	62	101	288	212	214	85	187	111	55	123	71	165	169	298	60	261	52	265	
87	73	190	168	52	63	242	182	97	125	122	204	125	104	229	206	244	113	239	172	180	
88	68	90	283	271	193	232	79	100	143	200	244	128	175	229	60	168	226	160	109	200	
89	201	70	257	103	194	200	168	170	140	82	54	104	226	143	66	294	126	136	263	181	
90	95	203	292	139	61	195	128	134	217	155	256	202	75	137	294	257	85	210	250	79	
91	114	82	90	183	198	280	105	286	111	59	244	236	221	178	271	165	221	297	195	136	
92	154	111	170	135	202	113	290	91	101	236	106	95	108	277	224	290	239	231	229	86	
93	149	261	209	108	97	107	51	56	181	241	114	186	93	130	239	82	79	287	257	105	
94	264	111	210	275	97	236	250	60	253	208	297	192	280	222	249	236	275	284	300	68	
95	66	62	60	119	275	251	214	143	280	58	286	211	226	113	169	79	67	274	188	219	
96	137	187	136	184	97	279	82	282	261	155	181	266	297	216	55	79	56	166	218	121	
97	135	200	203	133	98	253	255	199	198	121	270	97	143	106	164	191	282	214	112	297	
98	146	100	193	294	152	101	158	171	161	94	238	131	74	178	266	229	191	244	204	176	
99	81	146	58	278	156	164	250	286	207	236	104	105	253	125	141	278	273	152	221	141	
100	141	165	203	74	145	137	216	206	118	159	213	72	88	151	163	96	100	134	290	158	

[*,*,8]: 1	2	3	4	5	6	7	8	9	10	11	12	13	14	15	16	17	18	19	20:=
1	227	101	212	258	162	141	297	174	276	184	181	238	289	55	278	260	176	262	185	100	
2	300	110	55	294	174	107	260	204	233	148	126	120	296	223	287	129	183	184	173	271	
3	175	176	109	244	57	259	206	299	105	183	114	209	237	56	202	203	157	299	154	63	
4	282	70	202	174	263	90	147	175	153	255	166	90	96	280	283	192	197	284	257	74	
5	245	214	154	149	159	182	187	252	75	128	278	54	241	92	143	135	123	90	253	88	
6	177	62	134	185	262	76	75	299	228	244	234	95	199	210	152	179	244	132	178	90	
7	104	69	292	269	132	195	215	221	221	89	185	239	128	258	270	112	150	245	212	153	
8	113	88	57	250	139	90	101	179	147	217	119	147	299	265	60	137	260	53	87	131	
9	239	228	237	161	119	149	245	125	290	238	254	112	245	227	66	276	92	288	79	90	
10	102	131	148	181	137	147	112	117	175	136	150	125	221	214	226	166	288	131	61	142	
11	131	211	180	240	296	53	259	297	78	159	194	125	292	86	249	117	140	262	54	247	
12	100	227	240	297	260	190	300	208	221	117	188	52	238	201	244	186	62	52	183	173	
13	138	275	158	173	99	69	186	294	278	115	100	252	275	191	300	188	133	296	71	206	
14	248	214	126	51	138	191	235	283	294	113	272	161	181	271	117	87	156	171	143	243	
15	128	184	220	141	106	96	222	77	72	54	190	59	93	186	146	280	132	84	181	64	
16	121	119	204	67	112	182	236	178	168	251	132	146	213	103	90	83	167	92	108	113	
17	207	251	222	165	53	177	269	239	172	219	67	148	73	99	107	288	134	269	166	216	
18	97	84	244	76	284	285	112	180	111	145	192	242	149	198	71	58	148	94	187	141	
19	240	126	86	116	278	273	128	260	70	102	285	71	140	260	249	275	56	193	152	284	
20	140	189	205	274	242	161	142	103	274	159	69	253	83	289	98	146	253	148	164	232	
21	245	80	63	69	88	130	85	199	277	207	56	271	126	248	270	133	70	266	195	242	
22	207	106	248	112	150	54	203	159	240	96	113	164	149	161	105	62	58	145	131	158	
23	106	120	222	87	116	73	63	258	253	282	169	281	71	204	213	193	95	292	230	129	
24	181	111	193	135	105	73	182	237	94	296	262	208	164	144	135	90	248	67	174	162	
25	217	276	85	275	140	261	121	108	72	284	173	223	146	102	172	162	152	102	158	167	
26	158	231	239	288	137	228	125	266	257	152	94	91	139	121	190	136	299	79	287	244	
27	268	170	230	250	215	69	268	297	90	284	77	253	98	143	289	224	183	51	257	200	
28	283	189	234	209	247	258	226	109	144	243	240	168	104	151	64	295	270	81	174	294	
29	144	85	68	240	279	232	174	163	87	215	297	88	259	229	223	285	298	58	154	163	
30	122	92	218	76	266	108	278	147	79	162	270	74	293	192	58	148	246	284	229	211	
31	299	129	55	73	248	227	130	64	69	269	276	251	114	177	254	160	58	116	193	186	
32	243	251	281	87	259	147	105	121	296	64	88	91	132	95	70	187	250	266	104	249	
33	179	300	268	57	203	92	180	94	104	262	291	165	53	272	168	232	289	98	198	236	
34	143	252	273	67	230	278	180	73	260	229	194	250	138	96	158	131	281	257	94	118	
35	140	258	175	62	135	178	92	53	90	298	260	270	74	242	247	241	171	275	234	208	
36	218	235	273	265	183	190	237	115	196	168	217	161	131	189	227	280	242	162	53	238	
37	179	294	124	295	175	245	122	139	129	151	229	239	127	300	65	179	268	60	59	163	
38	61	161	64	292	150	278	258	275	74	147	215	253	241	131	237	285	237	143	297	79	
39	274	216	93	54	140	167	164	54	115	283	63	99	219	150	77	218	84	154	272	233	
40	299	181	269	155	217	71	72	193	78	100	297	128	124	245	268	193	244	204	212	261	
41	198	210	279	232	87	97	232	185	234	241	127	84	177	282	165	187	132	56	98	205	
42	114	196	199	208	130	98	296	142	110	169	72	107	197	297	209	203	266	66	214	137	
43	134	87	257	236	104	269	155	208	203	265	103	127	90	209	197	265	80	181	153	172	
44	238	199	276	248	223	150	219	258	198	135	284	239	96	175	147	292	92	231	132	234	
45	181	148	129	216	160	83	209	287	69	277	166	220	135	80	203	194	261	223	109	123	
46	154	268	126	197	218	199	63	195	60	289	183	242	136	96	109	207	74	81	291	86	
47	276	225	276	262	81	79	268	234	172	295	117	73	247	245	133	138	96	108	114	81	
48	176	245	257	188	175	294	282	236	105	256	272	162	54	152	225	69	285	188	152	93	
49	103	72	153	129	208	267	76	147	242	125	57	162	268	276	284	197	290	200	100	57	
50	115	81	98	93	170	154	85	291	75	216	217	289	154	284	200	213	113	65	102	130	
51	236	126	213	74	265	237	187	129	176	264	289	256	220	218	222	108	255	130	182	264	
52	222	288	97	239	187	299	188	173	287	79	59	179	132	299	251	126	128	108	254	194	
53	240	104	150	186	96	88	101	54	239	59	274	146	290	255	188	161	119	102	106	289	
54	254	291	140	276	214	282	192	189	170	179	238	151	95	191	239	238	175	91	146	239	
55	81	267	248	285	170	110	205	61	135	68	124	203	127	293	299	75	73	84	125	285	
56	163	57	143	248	268	221	225	53	209	250	275	121	214	234	53	226	282	261	195	216	
57	81	117	112	112	226	95	211	292	92	103	239	246	130	190	261	122	75	261	157	52	
58	256	169	271	188	82	106	148	205	237	165	244	60	91	217	299	230	261	257	279	260	
59	243	288	178	169	154	86	91	247	286	69	106	223	107	185	131	64	293	209	286	233	
60	96	187	269	59	279	71	63	100	176	241	131	195	212	225	263	292	94	52	266	56	
61	195	93	238	299	250	51	78	154	155	218	233	80	64	70	292	180	100	233	89	265	
62	126	269	223	76	212	105	267	238	215	243	282	237	112	132	297	231	243	259	268	113	
63	297	128	51	104	152	254	273	183	56	274	203	209	164	238	192	208	251	262	155	88	
64	74	103	111	137	74	235	99	123	139	178	223	79	220	290	139	185	189	78	165	287	
65	142	276	195	213	278	276	93	69	195	299	282	242	231	165	258	206	88	196	200	192	
66	179	222	151	214	285	167	176	228	182	210	226	133	189	169	288	284	269	226	69	142	
67	91	155	204	261	125	101	83	142	289	86	84	236	106	282	282	169	124	286	100	91	
68	135	186	118	233	195	245	219	179	104	172	159	74	298	231	142	233	274	274	160	192	
69	281	284	172	298	79	158	248	232	58	166	126	94	267	84	98	65	199	269	100	247	
70	249	177	105	143	187	192	107	185	182	119	185	257	161	172	209	225	260	286	95	77	
71	257	235	211	178	153	224	79	241	122	210	197	144	256	129	97	75	233	298	137	171	
72	200	256	256	180	166	215	199	165	296	235	296	107	160	233	86	180	69	81	145	256	
73	101	175	212	208	259	293	277	178	51	211	196	152	88	163	69	142	160	167	212	120	
74	196	223	161	209	245	208	88	161	127	193	191	93	70	69	219	70	60	55	235	163	
75	140	174	213	214	78	156	131	214	265	290	106	145	53	204	185	191	278	118	253	180	
76	246	252	245	53	125	75	253	133	207	190	277	246	269	97	124	71	73	194	152	126	
77	102	193	212	297	149	215	147	250	289	126	266	256	244	82	180	83	67	280	140	175	
78	201	267	107	170	156	196	250	130	94	277	246	121	80	143	104	104	111	203	284	107	
79	157	234	124	203	256	164	157	146	184	211	156	96	211	169	85	151	118	284	239	249	
80	90	276	232	152	196	209	52	97	275	147	265	286	63	272	216	277	283	283	91	252	
81	125	229	108	201	175	171	69	188	231	108	255	197	107	84	118	81	268	168	260	224	
82	285	124	129	205	121	154	68	117	296	138	91	143	211	227	259	85	191	64	83	248	
83	91	297	240	195	295	299	150	254	157	53	78	145	174	248	110	276	123	63	290	56	
84	136	218	120	248	169	56	157	131	152	267	186	109	166	213	249	189	160	143	192	150	
85	125	95	167	283	183	220	161	242	233	86	74	193	188	106	211	148	249	167	254	207	
86	115	212	236	287	80	274	250	63	255	172	283	270	295	224	61	299	177	277	88	243	
87	98	123	241	138	235	239	69	170	274	105	195	161	294	238	294	202	223	205	67	60	
88	101	185	96	283	279	297	77	230	239	115	138	238	118	207	256	235	184	65	116	223	
89	173	263	267	174	169	276	196	250	107	78	166	258	167	146	60	62	100	98	251	180	
90	78	221	221	157	151	288	97	132	53	57	68	295	274	213	134	220	150	102	256	127	
91	285	221	73	256	65	111	205	65	186	235	294	221	233	133	184	228	231	155	226	181	
92	85	295	78	203	62	157	208	283	101	78	83	104	71	72	242	264	133	284	89	245	
93	82	162	248	288	241	208	176	190	226	235	145	224	125	224	199	187	199	85	124	66	
94	289	249	247	86	237	59	272	211	53	160	169	135	287	199	126	226	277	83	229	149	
95	73	288	183	299	122	257	119	150	299	286	249	73	130	75	110	147	168	77	106	159	
96	176	82	266	100	142	216	155	56	67	159	264	111	192	165	142	141	191	65	134	272	
97	147	89	177	172	83	145	224	177	144	230	120	120	207	90	223	138	194	259	225	199	
98	109	232	252	265	213	234	84	182	128	74	211	160	106	196	156	207	177	281	236	65	
99	56	69	112	192	85	140	115	213	60	223	259	241	96	243	199	99	248	235	181	269	
100	205	285	164	128	211	136	244	176	125	174	297	279	155	219	183	250	269	191	124	98	

[*,*,9]: 1	2	3	4	5	6	7	8	9	10	11	12	13	14	15	16	17	18	19	20:=
1	142	243	292	114	240	239	64	67	69	285	256	269	87	87	56	230	87	74	192	242	
2	202	133	240	224	116	268	76	217	167	289	61	79	250	131	252	208	245	200	59	126	
3	283	88	300	144	239	283	274	137	158	292	216	180	127	211	88	219	285	101	68	298	
4	91	265	120	135	154	155	242	195	141	89	291	128	242	161	185	300	157	197	174	283	
5	168	102	240	173	69	197	226	232	105	151	77	193	246	268	240	259	133	81	107	203	
6	277	94	101	134	150	274	278	294	271	165	154	68	76	151	181	102	254	91	186	74	
7	216	223	86	253	235	55	137	264	72	273	238	219	144	201	141	180	263	261	285	245	
8	205	105	82	132	239	69	159	188	154	286	291	278	140	213	112	239	104	273	192	289	
9	140	279	188	124	292	171	200	274	212	59	84	108	165	254	269	228	228	67	268	192	
10	242	284	202	155	146	129	215	95	65	213	213	146	220	66	264	114	75	62	121	288	
11	296	69	286	94	114	154	113	217	178	160	54	99	186	228	268	167	91	270	281	142	
12	81	71	61	252	74	140	203	110	223	188	272	241	174	122	184	88	247	68	166	285	
13	238	103	238	162	187	100	125	258	261	78	287	207	204	206	256	288	193	196	59	204	
14	87	185	289	161	192	162	158	203	77	163	72	263	105	236	127	168	159	216	82	59	
15	177	140	86	211	117	141	51	129	79	54	192	121	156	118	298	168	125	169	207	178	
16	104	87	232	259	80	72	226	146	115	182	240	95	94	180	197	177	213	99	287	120	
17	279	120	256	59	297	88	76	52	299	266	282	109	142	125	98	149	153	179	57	211	
18	153	200	153	117	127	207	92	84	70	140	126	151	241	72	275	175	298	74	82	200	
19	263	123	142	61	289	151	277	263	228	286	80	122	98	208	92	275	228	185	204	230	
20	90	209	228	181	109	154	55	105	193	139	119	131	253	212	147	283	157	96	272	80	
21	292	148	114	173	85	151	253	220	228	155	266	98	241	255	260	226	244	262	254	170	
22	94	108	145	98	215	244	270	198	106	276	198	72	144	170	210	250	133	127	240	88	
23	179	181	108	170	108	220	169	181	121	137	93	215	249	121	219	236	88	128	131	76	
24	147	135	190	232	99	229	182	259	131	239	116	220	97	244	241	242	148	202	161	106	
25	111	287	92	60	54	169	80	296	107	88	216	283	175	71	160	75	215	60	229	153	
26	260	243	237	160	183	124	296	172	95	126	244	217	184	254	265	214	186	97	273	120	
27	272	292	123	91	108	188	244	110	116	270	220	127	76	144	293	171	245	177	112	234	
28	250	144	259	279	257	191	186	90	182	229	276	287	179	271	73	71	177	68	113	240	
29	52	109	58	59	107	254	221	62	123	75	75	62	196	231	274	268	117	150	186	273	
30	233	87	95	230	122	238	164	87	70	290	297	172	182	240	189	174	201	93	146	54	
31	226	273	205	136	256	207	66	187	199	282	264	289	125	54	175	280	267	185	78	125	
32	224	169	193	300	143	194	245	250	109	191	87	216	202	293	84	209	155	297	159	72	
33	142	174	281	282	81	102	170	123	232	181	118	247	172	134	231	202	249	193	240	75	
34	233	98	121	100	146	291	107	88	260	246	156	278	270	246	76	157	204	54	193	96	
35	91	252	227	106	250	156	157	147	95	93	244	112	287	254	174	289	216	133	100	118	
36	266	190	157	98	154	294	73	54	241	232	109	105	249	291	266	93	61	206	199	153	
37	258	198	233	263	137	84	98	268	118	148	66	121	271	65	268	183	284	60	257	62	
38	117	145	133	97	279	84	269	131	206	123	231	52	179	229	141	133	84	179	129	208	
39	268	217	150	238	89	63	65	298	115	210	144	206	99	102	109	215	255	171	277	183	
40	231	179	203	161	122	121	266	271	234	158	92	163	159	228	95	93	100	251	83	225	
41	131	188	293	252	153	219	116	257	76	245	156	300	132	161	141	171	202	79	267	75	
42	95	182	65	105	254	132	139	254	270	62	236	222	203	196	277	148	240	149	294	112	
43	81	184	203	281	200	111	114	78	165	99	251	163	161	181	278	106	151	246	99	134	
44	240	105	167	61	91	132	119	253	258	281	100	131	114	297	142	237	140	202	247	76	
45	87	97	204	69	280	62	141	66	204	75	222	149	129	213	266	248	79	232	268	91	
46	124	125	278	235	256	140	126	132	93	109	195	163	150	58	226	141	71	131	146	133	
47	155	272	63	160	288	289	101	230	144	161	88	80	139	219	212	289	146	91	209	149	
48	84	86	216	259	277	124	115	83	274	224	275	193	182	104	59	299	103	175	84	93	
49	248	130	176	79	168	218	130	144	93	149	85	96	240	93	274	186	100	215	82	125	
50	73	153	201	213	193	297	256	64	242	277	83	56	265	127	107	276	192	103	159	269	
51	226	108	146	59	155	66	234	206	255	61	198	254	297	76	62	159	142	219	117	102	
52	275	140	85	208	198	57	238	266	119	259	260	277	150	299	152	150	179	58	81	139	
53	288	257	262	117	243	291	109	186	252	78	158	275	274	66	227	111	62	264	93	220	
54	88	293	156	212	158	105	259	184	252	187	274	165	160	109	282	108	161	135	164	166	
55	96	182	267	235	279	241	101	93	204	144	295	163	125	175	185	278	110	59	120	217	
56	279	251	95	83	261	107	300	185	281	70	169	169	207	68	59	256	259	167	182	218	
57	54	184	109	170	168	51	295	156	59	96	142	70	157	234	243	194	108	75	212	133	
58	85	290	81	240	102	125	126	132	70	274	171	55	101	236	266	142	278	230	223	203	
59	125	242	74	196	207	293	169	178	143	152	213	197	295	269	185	271	118	240	296	265	
60	209	92	155	142	219	296	97	180	298	176	300	79	226	208	94	112	172	213	84	84	
61	116	170	174	204	143	253	51	217	177	147	274	278	236	118	195	79	150	54	90	273	
62	130	222	260	72	202	79	110	167	226	279	79	153	282	68	107	85	273	125	293	282	
63	194	88	111	154	214	247	219	121	250	184	137	179	94	206	242	265	258	278	209	174	
64	119	81	149	238	152	59	120	195	263	103	160	155	258	210	275	105	85	219	212	172	
65	295	144	117	104	83	160	90	104	149	65	137	183	123	297	76	110	135	76	232	75	
66	188	91	161	80	84	266	100	172	247	220	114	229	219	92	249	140	52	297	257	135	
67	253	85	222	189	110	179	261	221	150	172	146	261	282	253	228	85	118	123	267	55	
68	151	148	170	74	90	242	126	230	91	173	125	198	128	194	259	125	238	260	244	261	
69	76	295	137	78	59	242	234	125	275	195	108	193	257	203	286	238	249	89	116	113	
70	154	202	136	124	240	73	209	76	121	223	121	139	225	140	259	95	134	272	67	188	
71	64	73	188	232	140	163	300	121	230	124	102	257	183	56	264	280	199	177	97	106	
72	65	199	58	203	229	103	92	160	83	262	198	58	264	186	73	281	127	239	297	97	
73	248	249	261	203	158	84	277	99	172	238	110	293	194	149	210	225	229	191	206	78	
74	218	289	127	289	125	261	116	218	116	88	163	176	269	71	286	142	128	219	279	139	
75	144	298	76	112	245	61	295	241	299	142	192	265	240	227	168	281	225	59	82	293	
76	146	293	171	152	178	277	58	149	207	280	258	73	254	173	160	122	188	57	278	268	
77	74	252	172	165	238	284	228	70	111	134	285	95	242	231	267	206	238	84	219	147	
78	152	120	62	158	237	164	97	251	151	179	217	265	111	186	242	52	210	223	57	126	
79	225	66	200	259	220	143	295	292	147	90	182	66	195	289	114	260	248	196	102	145	
80	133	248	146	103	102	292	249	249	110	165	79	262	76	120	240	172	162	290	205	114	
81	54	276	114	144	202	66	273	127	135	239	156	291	191	177	134	59	266	253	220	83	
82	285	91	254	137	170	201	114	177	294	201	293	284	102	54	196	220	82	181	292	217	
83	101	248	89	188	159	254	88	60	220	282	253	69	295	213	268	265	145	98	249	214	
84	124	161	238	278	220	82	291	175	268	220	227	154	160	171	86	53	222	225	93	202	
85	138	193	143	90	242	162	190	158	69	124	51	66	209	215	132	163	143	99	297	282	
86	170	80	95	268	113	221	84	254	260	181	145	245	285	123	220	217	138	291	277	294	
87	239	171	233	220	243	123	211	100	112	214	289	272	122	152	95	196	58	112	58	208	
88	74	248	51	227	144	170	243	99	278	155	243	111	109	172	65	251	153	241	158	243	
89	185	81	83	85	139	243	157	142	281	181	273	101	241	237	201	64	175	208	259	255	
90	245	262	228	173	275	194	264	92	122	286	65	87	69	247	245	87	100	90	143	225	
91	297	76	261	288	178	250	172	239	240	145	59	81	80	109	181	272	93	111	264	287	
92	199	261	135	219	174	251	231	105	143	156	290	105	155	99	209	54	214	121	109	243	
93	58	211	256	54	156	58	91	171	149	73	171	187	145	96	75	120	103	211	97	242	
94	99	158	115	83	187	104	136	119	181	58	297	199	148	222	216	213	246	98	201	228	
95	194	272	275	238	117	296	115	52	119	217	206	271	252	99	65	220	66	175	149	96	
96	109	287	279	212	107	259	130	206	89	295	291	153	281	293	149	243	169	60	229	139	
97	195	132	205	111	250	105	192	238	266	213	107	239	57	81	129	229	126	207	213	100	
98	103	292	93	110	199	294	145	129	154	138	200	88	248	215	237	208	247	56	290	266	
99	196	118	75	68	243	123	259	59	68	212	176	174	246	227	70	279	227	234	159	201	
100	90	273	222	142	114	62	181	71	102	218	158	129	215	161	156	206	148	63	177	88	

[*,*,10]: 1	2	3	4	5	6	7	8	9	10	11	12	13	14	15	16	17	18	19	20:=
1	295	69	58	201	254	239	258	65	126	206	162	295	233	156	122	298	293	102	245	197	
2	195	81	234	162	300	127	121	254	185	261	130	234	140	81	97	252	124	185	194	199	
3	126	273	124	96	229	217	204	142	220	290	173	76	140	72	141	155	97	143	95	131	
4	155	216	125	55	184	266	297	99	230	242	225	123	241	166	84	122	223	155	247	190	
5	272	216	157	173	135	93	240	122	73	196	299	185	227	180	123	220	162	130	164	124	
6	80	97	106	175	258	205	149	133	121	286	186	115	100	265	98	93	264	291	280	253	
7	164	129	69	219	187	157	86	95	83	269	228	57	252	156	270	282	93	131	84	113	
8	252	135	75	231	152	218	80	61	105	118	87	196	133	116	195	257	78	154	162	231	
9	283	198	156	217	237	91	91	212	283	148	101	298	93	70	123	277	259	82	172	123	
10	70	253	64	78	222	252	278	205	100	145	75	189	282	251	293	267	249	261	181	188	
11	171	288	97	114	138	134	82	55	97	276	206	127	213	204	250	128	100	136	90	291	
12	108	247	56	199	53	275	267	185	150	153	122	236	145	123	101	251	241	258	282	206	
13	149	71	177	246	284	144	206	135	146	126	81	208	221	270	206	74	238	100	72	119	
14	62	106	97	66	154	293	146	182	231	130	143	283	271	290	259	279	102	227	163	293	
15	238	227	85	176	189	115	215	182	289	214	282	82	274	170	285	117	165	100	83	130	
16	195	129	86	60	87	91	150	274	265	58	71	263	134	188	270	209	285	162	222	82	
17	233	258	171	177	207	198	259	149	86	107	130	287	241	110	253	191	145	214	254	151	
18	220	186	156	132	111	189	62	104	223	245	75	172	255	202	199	116	287	104	90	97	
19	133	172	222	88	195	79	76	208	154	144	71	220	248	90	93	113	260	79	123	96	
20	187	195	210	89	76	108	128	153	265	63	180	119	172	68	55	136	110	272	69	170	
21	299	142	104	161	61	114	240	298	82	73	209	139	145	241	62	76	92	236	147	135	
22	127	185	114	241	190	220	300	112	234	261	62	133	154	235	238	139	73	84	51	73	
23	159	265	202	65	281	207	119	189	210	61	265	296	267	75	102	177	226	189	158	99	
24	172	177	88	53	250	163	252	251	82	274	51	284	159	295	171	115	56	295	119	172	
25	216	215	53	263	242	191	220	135	296	138	87	119	219	96	174	144	90	89	138	283	
26	234	142	64	65	218	160	213	168	149	172	214	70	239	151	103	255	166	255	199	65	
27	225	163	228	299	273	278	175	195	144	156	134	150	227	231	263	206	250	58	296	218	
28	236	254	104	197	133	163	234	244	60	110	125	252	262	279	203	56	288	283	210	163	
29	142	112	252	64	255	266	81	149	55	224	186	275	86	115	70	138	127	159	131	228	
30	154	81	156	105	69	151	217	136	217	248	289	141	146	179	120	216	77	200	98	162	
31	166	154	204	229	98	252	247	297	103	66	138	244	77	57	69	102	165	91	216	71	
32	228	205	150	272	297	130	90	132	62	173	55	265	226	187	218	95	257	204	144	90	
33	248	211	148	235	89	177	299	84	228	106	104	182	154	195	110	57	215	81	173	237	
34	176	104	199	281	83	148	247	72	100	222	115	233	268	62	162	196	96	203	102	160	
35	240	174	106	162	126	194	149	122	284	290	297	55	257	147	287	232	124	205	209	82	
36	159	248	220	187	191	130	268	294	176	296	116	154	261	249	229	246	270	106	124	131	
37	281	187	193	198	274	109	84	293	104	275	214	160	70	115	241	111	120	225	59	231	
38	134	143	208	253	167	111	179	203	249	56	199	276	259	187	282	237	183	287	219	179	
39	149	189	148	230	184	102	170	271	292	214	190	182	80	71	139	113	55	259	265	131	
40	177	266	299	282	281	129	197	247	162	65	285	291	257	65	106	139	77	104	292	219	
41	183	234	233	194	233	119	295	122	295	135	264	124	254	227	126	206	231	134	231	60	
42	266	279	129	225	297	64	227	104	136	118	187	87	215	213	267	264	285	117	215	244	
43	258	64	299	174	136	191	192	118	218	177	256	276	235	72	227	269	95	102	164	213	
44	281	232	118	87	171	184	248	289	229	145	134	231	288	216	190	293	68	143	88	214	
45	118	281	95	180	175	184	115	184	88	206	188	122	71	183	122	300	147	66	171	274	
46	261	287	187	134	247	246	60	257	243	53	272	81	176	111	127	214	96	82	172	258	
47	218	284	54	163	230	300	152	204	297	252	162	154	240	132	119	87	225	78	242	75	
48	219	57	220	193	191	240	83	159	217	134	130	135	219	239	181	214	204	256	146	81	
49	107	67	239	150	265	108	264	195	66	248	89	213	267	289	221	62	147	232	143	98	
50	285	101	240	285	212	265	122	87	278	177	52	120	173	157	165	86	68	293	223	203	
51	234	70	165	257	66	102	264	62	90	197	83	204	155	243	85	155	205	135	211	184	
52	290	228	271	288	57	64	294	260	119	78	172	207	199	285	181	96	154	246	246	53	
53	238	263	168	224	174	253	177	233	144	291	180	206	117	73	87	85	171	208	65	239	
54	247	295	89	210	78	159	219	105	53	100	243	240	64	175	206	163	226	201	166	200	
55	200	258	242	127	156	270	274	180	170	225	167	291	184	146	152	173	64	295	274	117	
56	148	237	231	93	284	198	217	143	299	155	278	262	129	278	229	164	112	151	201	116	
57	249	173	251	108	155	241	53	101	57	283	289	274	74	233	107	210	129	87	60	133	
58	233	239	60	263	210	156	262	199	257	51	241	298	289	64	193	140	148	100	56	272	
59	188	294	267	212	153	265	86	198	157	62	80	285	190	152	232	67	57	260	225	59	
60	139	181	88	62	60	223	176	138	52	64	226	232	171	218	135	128	261	99	184	233	
61	95	155	189	114	211	294	106	139	66	168	87	59	160	266	249	192	265	231	222	201	
62	256	132	155	281	111	157	60	193	140	247	242	201	299	76	103	139	241	90	74	297	
63	80	87	290	253	59	254	94	177	251	223	275	297	63	286	126	55	299	254	263	52	
64	229	260	282	172	282	99	131	213	282	64	211	102	231	241	109	213	127	253	118	91	
65	157	236	152	209	116	147	157	194	187	289	228	247	285	236	281	213	300	282	143	93	
66	56	203	213	71	51	124	92	231	182	146	104	252	83	290	248	92	192	180	277	98	
67	73	205	195	257	111	102	170	280	91	178	151	135	261	256	251	97	221	274	105	187	
68	119	153	196	234	77	227	69	75	254	160	232	251	201	231	112	292	292	162	140	110	
69	66	179	154	229	79	262	226	51	94	212	174	196	131	83	198	286	226	218	124	287	
70	219	287	102	95	142	296	204	70	265	142	77	83	246	86	218	296	100	244	201	87	
71	279	277	184	124	183	184	229	296	87	156	232	241	292	160	70	188	78	70	269	123	
72	229	174	65	179	292	205	59	294	65	298	293	159	115	136	294	119	300	159	275	273	
73	264	259	298	259	84	102	287	215	221	270	188	138	69	200	294	118	153	288	293	151	
74	287	243	120	169	83	245	73	56	109	276	97	82	166	249	159	146	124	152	83	278	
75	188	70	135	171	162	178	83	167	157	295	283	62	208	64	219	68	58	94	254	134	
76	101	214	147	64	68	289	209	195	186	165	127	249	280	300	136	289	251	262	105	247	
77	251	255	56	250	51	124	119	207	252	200	105	60	144	288	164	78	278	72	100	128	
78	96	234	106	198	130	68	185	135	135	280	228	102	122	260	91	114	58	96	165	160	
79	93	114	121	85	132	149	111	260	216	265	177	124	230	239	140	257	272	295	93	288	
80	206	102	199	208	246	272	150	61	117	147	54	221	62	289	187	252	249	72	215	236	
81	153	135	107	139	147	285	225	169	150	133	211	133	222	68	74	107	60	111	242	144	
82	286	84	283	195	216	100	78	296	184	243	178	254	160	259	204	226	174	148	137	287	
83	90	55	58	84	53	249	300	275	78	256	225	110	292	153	103	226	222	282	92	285	
84	258	282	67	126	232	146	54	84	144	106	221	88	262	231	78	189	80	113	183	227	
85	214	126	97	162	78	243	152	75	202	115	130	189	224	269	187	78	233	150	232	151	
86	145	191	277	122	84	230	224	211	91	195	77	264	130	105	166	83	143	141	272	62	
87	123	209	152	203	155	160	299	257	223	295	187	132	113	209	200	258	202	287	170	225	
88	190	226	154	220	74	145	232	242	252	112	156	129	220	279	97	151	171	56	98	261	
89	166	188	223	169	263	249	90	158	292	207	199	148	242	132	222	154	230	253	104	294	
90	70	271	74	124	114	87	288	222	232	129	225	273	114	260	185	295	200	191	141	269	
91	279	199	150	161	140	217	253	113	77	295	77	160	192	153	106	81	199	86	118	87	
92	218	125	51	116	170	183	116	290	280	240	177	158	253	102	125	61	165	246	205	136	
93	290	188	102	226	81	265	157	226	87	66	82	252	152	283	278	123	51	52	220	59	
94	259	287	208	242	179	182	179	244	160	264	272	204	225	177	53	289	217	225	89	170	
95	235	121	256	254	258	266	205	135	167	196	282	248	293	143	110	295	161	242	85	229	
96	209	127	78	51	248	296	85	77	282	212	253	169	236	230	80	109	194	137	91	178	
97	260	273	255	154	80	154	88	246	114	212	220	272	119	216	94	164	128	211	143	201	
98	144	121	202	51	222	206	289	57	235	168	166	280	113	141	120	245	156	174	126	122	
99	293	96	161	108	173	134	234	166	274	127	198	58	106	260	215	151	101	75	291	233	
100	77	100	225	274	76	254	107	117	131	214	157	297	85	254	212	187	82	132	264	159	
;

end;

